1859  1  1   257.3  13.0  257.0   257.1  18.0  256.5   256.4  17.9  255.9
1859  1  2   255.0  15.1  254.6   255.5  15.9  255.0   257.6  16.0  257.1
1859  1  3   257.3  15.5  256.8   254.7  16.3  254.2   252.0  15.9  251.5
1859  1  4   255.0  14.3  254.6   256.6  13.9  256.2   258.7  17.2  258.2
1859  1  5   258.0  15.0  257.6   257.6  16.8  257.1   257.5  18.0  256.9
1859  1  6   255.6  15.7  255.1   254.2  19.6  253.5   254.2  18.3  253.5
1859  1  7   251.5  16.6  251.0   253.2  14.0  252.8   255.9  16.1  255.4
1859  1  8   259.0  16.0  258.5   259.7  18.9  259.1   259.6  17.0  259.1
1859  1  9   258.1  15.1  257.6   256.7  18.7  256.1   255.8  17.1  255.3
1859  1 10   252.5  16.0  252.1   250.5  19.0  249.9   247.3  17.0  246.8
1859  1 11   245.4  16.1  244.9   246.7  17.0  246.2   247.9  17.0  247.5
1859  1 12   248.2  15.8  247.7   248.2  17.0  247.7   249.6  16.5  249.1
1859  1 13   252.4  15.0  251.9   254.2  14.4  253.7   255.7  15.0  255.2
1859  1 14   256.7  13.5  256.3   250.2  15.0  249.8   254.0  16.0  253.5
1859  1 15   253.2  14.5  252.8   253.9  17.1  253.4   254.4  16.0  253.8
1859  1 16   255.3  14.6  254.9   255.4  17.9  254.8   255.5  15.7  255.0
1859  1 17   255.2  15.0  254.8   255.2  18.6  254.7   254.4  17.5  253.9
1859  1 18   252.2  14.7  251.8   252.2  17.5  251.6   251.2  18.0  250.6
1859  1 19   250.3  15.9  249.8   250.6  16.9  250.0   251.3  17.0  250.8
1859  1 20   254.9  14.9  254.5   256.6  18.0  256.0   257.0  17.8  256.5
1859  1 21   256.6  15.3  256.1   256.9  15.2  256.4   256.6  16.7  256.1
1859  1 22   257.4  15.0  257.0   257.3  18.2  256.7   256.4  17.0  255.9
1859  1 23   254.9  15.6  254.4   254.2  17.7  253.6   254.4  17.0  253.8
1859  1 24   253.5  15.0  253.1   252.6  18.6  252.0   251.7  15.9  251.3
1859  1 25   250.8  15.0  250.3   250.7  15.3  250.3   250.6  15.6  250.1
1859  1 26   249.2  15.0  248.8   248.6  16.2  248.1   249.4  15.9  249.0
1859  1 27   249.0  15.0  248.6   249.2  15.5  248.7   248.8  15.7  248.2
1859  1 28   250.0  15.0  249.6   250.6  16.3  250.0   250.6  17.5  250.1
1859  1 29   252.2  14.9  251.8   253.1  18.0  252.5   253.0  17.6  252.5
1859  1 30   251.2  15.8  250.7   250.4  19.0  249.8   251.1  18.6  250.5
1859  1 31   249.0  16.0  248.5   250.4  18.5  249.8   251.6  18.8  251.1
1859  2  1   253.3  16.7  252.8   253.0  18.8  252.4   252.8  17.9  252.3
1859  2  2   251.4  16.6  251.0   250.8  17.9  250.2   250.2  18.0  249.7
1859  2  3   249.2  16.8  248.7   249.6  16.3  249.0   251.6  17.9  251.0
1859  2  4   254.2  15.6  253.7   255.0  16.5  254.5   255.2  17.9  254.7
1859  2  5   254.1  16.0  253.6   254.2  16.9  253.7   254.2  16.0  253.7
1859  2  6   254.7  15.0  254.2   255.4  19.4  254.7   255.5  17.9  255.0
1859  2  7   254.9  16.5  254.4   255.1  19.0  254.5   255.2  17.7  254.7
1859  2  8   255.5  15.9  255.0   255.6  17.9  255.1   256.0  19.3  255.4
1859  2  9   256.0  15.6  255.5   256.2  17.6  255.6   256.5  18.0  256.0
1859  2 10   256.6  16.5  256.0   256.4  16.8  255.9   255.6  17.8  255.1
1859  2 11   254.5  16.7  254.0   254.1  18.1  253.6   254.5  17.2  254.0
1859  2 12   254.7  15.4  254.2   255.0  19.2  254.4   255.8  17.2  255.2
1859  2 13   255.9  16.0  255.4   256.0  19.8  255.2   255.9  17.3  255.4
1859  2 14   255.1  16.5  254.6   255.0  17.0  254.5   254.8  17.9  254.2
1859  2 15   254.6  16.5  254.1   254.2  19.0  253.6   251.8  16.9  251.3
1859  2 16   248.2  15.3  247.8   249.6  17.7  249.1   249.1  15.9  248.6
1859  2 17   248.2  15.0  247.8   249.1  15.9  248.7   248.4  16.2  247.9
1859  2 18   248.6  14.5  248.1   249.0  15.1  248.6   249.6  14.9  249.0
1859  2 19   250.4  13.8  250.1   251.8  16.9  251.2   253.9  15.4  253.4
1859  2 20   255.6  15.0  255.3   255.0  15.9  254.6   254.8  16.6  254.4
1859  2 21   255.1  14.8  254.7   254.9  16.2  254.4   254.6  16.3  254.2
1859  2 22   254.2  15.1  253.8   253.3  16.2  252.8   251.6  17.0  251.1
1859  2 23   250.5  15.1  250.1   252.2  15.0  251.7   252.6  15.9  252.1
1859  2 24   251.0  14.5  250.6   251.6  16.0  251.1   251.0  15.8  250.6
1859  2 25   251.4  13.5  251.0   252.6  16.3  252.1   253.1  16.0  252.6
1859  2 26   251.8  14.0  251.4   251.3  16.6  250.8   250.8  16.0  250.3
1859  2 27   249.4  13.8  249.0   250.2  17.7  249.6   251.8  16.9  251.3
1859  2 28   254.7  16.0  254.2   256.0  15.3  255.5   257.0  16.6  256.5
1859  3  1   257.0  14.4  256.6   256.5  14.6  256.1   255.4  15.0  255.0
1859  3  2   253.9  14.2  253.5   254.2  16.0  253.7   254.8  15.6  254.4
1859  3  3   255.0  14.3  254.6   254.7  17.3  254.2   253.3  15.3  252.9
1859  3  4   252.2  14.3  251.7   253.0  15.0  252.6   253.4  15.9  253.0
1859  3  5   249.3  14.9  248.8   248.6  17.9  248.1   249.0  18.1  248.4
1859  3  6   247.4  15.8  247.0   249.4  18.5  248.9   252.6  16.9  252.1
1859  3  7   254.3  16.0  253.8   252.9  18.3  252.3   250.3  18.0  249.8
1859  3  8   247.8  16.7  247.4   246.8  19.3  246.2   246.8  17.0  246.3
1859  3  9   246.4  15.5  246.0   247.7  17.7  247.1   251.0  17.3  250.5
1859  3 10   253.0  16.8  252.5   253.9  16.9  253.4   255.5  16.0  255.0
1859  3 11   254.6  15.6  254.1   253.4  17.5  252.9   252.1  16.5  251.7
1859  3 12   247.5  15.8  247.1   246.0  16.2  245.6   245.4  16.2  245.0
1859  3 13   245.6  15.8  245.2   246.9  15.9  246.4   246.2  15.7  245.7
1859  3 14   247.2  14.8  246.7   249.0  16.1  248.5   251.1  15.9  250.6
1859  3 15   252.8  16.0  252.4   253.2  15.9  252.7   253.4  17.1  252.9
1859  3 16   252.3  15.0  251.9   252.1  16.9  251.6   252.5  15.6  252.1
1859  3 17   254.0  15.9  253.4   253.8  17.5  253.3   252.9  17.2  252.3
1859  3 18   251.4  15.6  251.0   251.0  18.0  250.5   251.7  17.3  251.2
1859  3 19   253.0  15.5  252.6   253.6  18.0  253.0   254.4  19.0  253.8
1859  3 20   255.7  16.0  255.2   255.4  21.7  254.7   254.4  17.9  253.8
1859  3 21   251.4  16.1  251.0   250.4  18.0  249.8   249.9  19.2  249.3
1859  3 22   249.8  17.0  249.2   250.0  18.6  249.4   250.5  19.0  250.0
1859  3 23   251.8  18.0  251.2   251.6  18.0  251.0   251.9  17.7  251.4
1859  3 24   252.5  16.0  252.0   253.1  17.1  252.6   253.3  17.0  252.8
1859  3 25   252.6  14.9  252.2   252.7  17.1  252.2   253.2  16.5  252.7
1859  3 26   253.8  16.0  253.3   254.0  16.3  253.5   254.5  16.0  254.0
1859  3 27   255.2  15.7  254.8   255.7  19.9  255.0   255.4  16.5  254.9
1859  3 28   252.6  14.0  252.2   250.9  16.0  250.4   250.0  17.9  249.4
1859  3 29   249.4  16.0  249.0   249.2  17.0  248.7   248.9  16.6  248.4
1859  3 30   247.9  16.1  247.4   248.7  17.0  248.3   249.2  17.0  248.6
1859  3 31   249.7  16.4  249.2   250.6  18.9  250.0   252.2  16.0  251.7
1859  4  1   253.6  16.1  253.1   254.2  19.5  253.6   254.7  16.1  254.2
1859  4  2   254.2  16.3  253.8   252.6  18.7  252.0   251.1  17.0  250.6
1859  4  3   251.9  16.5  251.4   253.1  20.3  252.5   253.4  17.5  252.9
1859  4  4   252.2  17.0  251.7   251.5  18.2  251.0   252.0  16.3  251.5
1859  4  5   254.5  15.2  254.0   255.6  17.9  255.0   256.7  15.6  256.3
1859  4  6   257.9  16.0  257.4   257.5  17.0  257.0   256.4  15.4  256.0
1859  4  7   253.0  15.4  252.6   253.0  19.2  252.4   253.7  17.4  253.2
1859  4  8   251.6  17.2  251.0   250.5  18.4  250.0   250.6  18.0  250.0
1859  4  9   249.5  17.4  249.0   248.6  17.4  248.1   247.8  18.1  247.3
1859  4 10   248.7  16.9  248.2   249.7  17.7  249.1   250.9  16.2  250.4
1859  4 11   251.5  15.5  251.1   250.7  16.6  250.2   250.2  17.0  249.6
1859  4 12   250.9  17.6  250.4   250.6  19.0  250.0   250.8  16.6  250.3
1859  4 13   249.5  16.6  249.0   249.5  20.0  248.9   249.5  17.7  249.0
1859  4 14   249.3  18.9  248.7   249.0  18.3  248.4   249.0  17.3  248.5
1859  4 15   249.0  17.0  248.4   249.4  17.7  248.8   250.0  19.2  249.4
1859  4 16   250.4  17.8  249.8   250.4  17.6  249.8   249.8  16.7  249.4
1859  4 17   249.4  16.4  249.0   249.9  17.6  249.5   249.9  15.8  249.4
1859  4 18   249.2  15.0  248.8   249.4  17.7  248.8   249.7  16.0  249.2
1859  4 19   249.6  15.6  249.2   250.3  16.3  249.8   250.3  17.1  249.8
1859  4 20   250.5  14.5  250.3   251.6  19.4  250.9   251.9  16.9  251.4
1859  4 21   252.9  18.0  252.3   253.6  18.2  253.0   254.0  17.3  253.4
1859  4 22   251.0  15.8  250.6   251.6  19.0  251.0   252.5  17.6  252.0
1859  4 23   252.4  17.1  251.9   253.4  17.0  252.8   254.8  18.4  254.2
1859  4 24   256.8  17.4  256.3   257.3  19.0  256.7   258.6  17.0  258.1
1859  4 25   259.4  16.2  258.9   259.8  18.0  259.2   259.9  17.2  259.3
1859  4 26   259.4  15.4  258.9   259.5  14.6  259.0   259.4  15.3  258.9
1859  4 27   258.6  18.3  258.1   258.4  18.0  257.9   257.9  16.1  257.4
1859  4 28   256.8  15.3  256.4   256.4  19.0  255.8   255.6  16.5  255.2
1859  4 29   254.6  15.3  254.2   254.6  17.3  254.1   254.6  15.7  254.1
1859  4 30   254.5  15.2  254.1   254.8  16.2  254.4   254.9  15.4  254.4
1859  5  1   254.4  16.2  253.9   254.4  18.5  253.8   254.4  17.1  253.9
1859  5  2   253.9  17.4  253.3   253.5  18.0  252.9   253.0  17.8  252.4
1859  5  3   253.6  16.8  253.1   254.7  18.6  254.1   255.6  17.6  255.1
1859  5  4   255.3  18.0  254.7   254.0  18.0  253.4   252.8  16.8  252.3
1859  5  5   252.2  18.5  251.7   252.7  19.4  252.1   253.7  17.2  253.2
1859  5  6   255.2  18.4  254.7   255.5  18.3  254.9   255.9  16.8  255.4
1859  5  7   257.4  17.8  256.8   258.1  18.6  257.5   259.0  15.8  258.5
1859  5  8   259.6  17.5  259.0   259.4  19.5  258.8   259.7  17.3  259.1
1859  5  9   260.4  19.2  259.7   260.4  18.0  259.8   259.6  16.3  259.1
1859  5 10   258.8  17.2  258.3   258.4  17.9  257.8   258.4  16.3  257.9
1859  5 11   258.8  16.2  258.3   259.0  16.5  258.5   259.6  15.8  259.2
1859  5 12   259.9  17.6  259.4   259.8  15.4  259.4   259.7  15.0  259.2
1859  5 13   259.6  17.4  259.0   259.4  17.6  258.8   259.1  15.7  258.6
1859  5 14   258.8  17.6  258.2   258.4  19.0  257.7   258.3  17.0  257.8
1859  5 15   258.2  20.0  257.5   257.8  20.4  257.1   257.7  19.2  257.1
1859  5 16   257.5  20.3  256.8   257.2  20.8  256.5   257.1  19.0  256.5
1859  5 17   257.2  21.8  256.5   257.0  21.6  256.3   257.0  20.5  256.3
1859  5 18   257.5  21.6  256.8   257.2  20.2  256.5   256.8  16.3  256.3
1859  5 19   256.3  20.9  255.6   256.0  20.0  255.3   255.6  18.5  255.0
1859  5 20   254.6  19.4  254.0   253.8  21.4  253.1   252.8  18.5  252.2
1859  5 21   252.4  21.2  251.7   253.4  19.7  252.8   254.4  18.5  253.9
1859  5 22   256.4  20.4  255.7   256.8  21.0  256.1   257.3  18.8  256.7
1859  5 23   258.2  18.9  257.6   258.4  20.5  257.7   258.2  18.6  257.6
1859  5 24   258.0  19.0  257.4   257.8  20.3  257.1   257.2  18.3  256.6
1859  5 25   256.6  20.8  255.9   256.2  22.6  255.5   255.8  19.5  255.2
1859  5 26   255.8  23.4  255.0   256.1  23.8  255.3   256.2  20.5  255.5
1859  5 27   256.6  23.0  255.8   256.8  23.9  256.0   256.9  20.8  256.2
1859  5 28   257.0  23.5  256.2   257.0  25.0  256.2   256.8  21.8  256.1
1859  5 29   256.6  23.7  255.8   256.4  24.6  255.6   256.3  22.0  255.6
1859  5 30   256.0  22.5  255.2   255.8  23.3  255.1   255.8  20.9  255.2
1859  5 31   256.0  25.1  255.1   256.0  24.2  255.2   255.8  22.2  255.1
1859  6  1   255.4  22.0  254.6   255.2  25.1  254.4   254.8  23.2  254.0
1859  6  2   254.6  25.0  253.7   254.6  26.0  253.8   255.3  22.4  254.6
1859  6  3   256.0  23.6  255.2   255.9  21.3  255.2   256.2  20.2  255.6
1859  6  4   257.4  22.7  256.6   257.8  21.5  257.1   258.4  19.9  257.8
1859  6  5   258.8  22.8  258.0   257.7  21.7  257.0   257.0  21.0  256.2
1859  6  6   257.0  24.6  256.1   257.0  23.6  256.2   257.1  22.5  256.3
1859  6  7   257.1  22.8  256.3   256.5  24.6  255.6   256.0  22.0  255.3
1859  6  8   255.7  24.6  254.9   255.5  24.7  254.7   255.2  21.8  254.4
1859  6  9   254.4  25.0  253.6   254.0  25.3  253.2   254.5  21.8  253.8
1859  6 10   256.0  23.9  255.2   256.0  22.6  255.2   255.9  20.1  255.2
1859  6 11   255.7  22.6  255.0   255.4  23.6  254.6   255.2  20.2  254.5
1859  6 12   254.8  25.0  253.9   254.2  25.2  253.3   254.2  22.0  253.5
1859  6 13   253.4  26.0  252.6   252.5  25.4  251.7   251.8  23.4  251.0
1859  6 14   251.0  23.3  250.2   251.0  24.3  250.2   251.4  21.8  250.6
1859  6 15   252.0  24.2  251.2   252.0  23.3  251.3   251.7  21.8  251.0
1859  6 16   251.3  21.3  250.6   251.3  22.9  250.6   251.4  20.0  250.8
1859  6 17   252.1  23.6  251.3   253.2  21.6  252.4   253.8  19.3  253.2
1859  6 18   255.1  23.6  254.3   255.5  22.4  254.8   256.0  20.6  255.3
1859  6 19   256.6  22.0  255.9   256.4  22.0  255.7   256.3  21.5  255.6
1859  6 20   256.0  24.0  255.1   255.4  24.0  254.6   254.9  21.1  254.2
1859  6 21   254.6  24.0  253.8   254.2  24.0  253.4   254.0  22.5  253.2
1859  6 22   253.6  22.8  252.9   253.4  23.5  252.7   253.4  23.0  252.6
1859  6 23   252.0  21.9  251.2   252.5  23.3  251.7   252.1  21.3  251.4
1859  6 24   252.2  24.0  251.4   252.2  23.0  251.5   253.1  22.1  252.4
1859  6 25   254.6  19.1  254.0   255.6  21.9  254.9   256.5  21.0  255.8
1859  6 26   258.0  21.0  257.3   258.4  22.7  257.6   259.1  22.0  258.4
1859  6 27   259.8  23.8  259.0   259.4  25.0  258.5   259.0  23.0  258.2
1859  6 28   258.7  24.1  257.9   258.4  25.6  257.5   258.2  22.6  257.4
1859  6 29   258.3  24.8  257.5   258.0  24.0  257.2   257.2  22.5  256.5
1859  6 30   256.4  20.6  255.7   256.0  23.2  255.2   255.6  21.6  254.9
1859  7  1   255.6  24.6  254.8   255.9  24.9  255.0   256.0  23.0  255.3
1859  7  2   256.2  23.8  255.4   256.0  23.6  255.3   255.8  20.6  255.2
1859  7  3   255.3  22.0  254.6   255.3  23.7  254.5   255.4  23.3  254.6
1859  7  4   255.8  24.1  255.0   255.8  24.0  255.0   256.2  23.0  255.4
1859  7  5   256.8  24.1  256.0   257.0  22.3  256.2   257.1  23.0  256.3
1859  7  6   256.8  24.8  256.0   256.4  24.9  255.6   256.2  24.8  255.3
1859  7  7   256.0  25.0  255.1   255.8  24.1  255.0   255.6  22.0  254.9
1859  7  8   254.7  22.8  254.0   254.4  24.0  253.6   254.5  22.0  253.8
1859  7  9   254.9  20.8  254.2   255.5  22.9  254.7   256.4  22.0  255.7
1859  7 10   257.1  24.2  256.2   256.9  24.6  256.0   257.0  21.9  256.2
1859  7 11   257.2  24.1  256.3   256.9  25.0  256.1   256.6  23.0  255.8
1859  7 12   256.1  24.0  255.3   255.5  25.1  254.6   253.7  24.2  252.9
1859  7 13   254.8  25.2  253.9   254.6  23.2  253.8   254.6  21.9  253.9
1859  7 14   254.7  22.9  254.0   254.7  21.9  254.0   255.1  21.0  254.4
1859  7 15   255.3  22.9  254.6   255.1  21.8  254.4   255.1  21.9  254.4
1859  7 16   255.5  22.3  254.8   255.6  23.1  254.8   255.2  22.9  254.4
1859  7 17   254.1  24.8  253.3   253.4  25.3  252.5   252.5  23.0  251.7
1859  7 18   253.5  23.2  252.8   253.6  20.0  252.9   253.5  22.4  252.8
1859  7 19   253.9  22.0  253.2   254.6  22.5  253.8   255.4  21.0  254.8
1859  7 20   256.2  23.0  255.5   256.7  23.0  255.9   257.3  22.0  256.6
1859  7 21   257.6  24.6  256.7   256.8  24.5  255.9   255.9  22.5  255.2
1859  7 22   255.0  24.4  254.1   254.2  25.1  253.4   253.7  23.1  252.9
1859  7 23   253.6  23.1  252.8   254.0  24.7  253.1   254.0  22.0  253.3
1859  7 24   254.5  24.0  253.7   254.9  23.6  254.1   255.4  21.9  254.7
1859  7 25   256.2  22.1  255.5   256.1  22.9  255.2   256.0  21.0  255.3
1859  7 26   255.8  23.8  255.0   255.0  24.2  254.2   254.3  21.2  253.6
1859  7 27   253.8  22.8  253.0   253.7  22.1  253.0   252.8  22.0  252.1
1859  7 28   251.8  20.9  251.2   252.2  23.3  251.4   252.1  21.7  251.4
1859  7 29   252.1  24.0  251.3   252.5  23.0  251.7   253.1  19.9  252.5
1859  7 30   253.9  21.2  253.2   254.6  22.7  253.8   255.0  21.5  254.3
1859  7 31   255.8  22.6  255.1   255.6  22.0  254.9   255.2  21.5  254.4
1859  8  1   252.9  20.0  252.2   252.7  23.0  251.9   253.0  21.3  252.3
1859  8  2   253.2  21.8  252.5   253.4  22.0  252.6   253.6  21.3  253.0
1859  8  3   253.9  24.0  253.1   254.3  23.6  253.5   254.9  21.8  254.2
1859  8  4   255.8  22.9  255.0   255.7  23.0  254.9   255.2  21.4  254.5
1859  8  5   254.2  22.3  253.5   253.8  23.2  253.0   254.1  20.4  253.4
1859  8  6   254.4  21.9  253.7   254.3  23.1  253.5   254.4  22.1  253.6
1859  8  7   254.4  21.8  253.7   254.2  22.8  253.5   254.4  22.8  253.6
1859  8  8   254.0  22.5  253.2   253.4  22.0  252.7   253.3  21.5  252.6
1859  8  9   253.0  22.8  252.2   252.5  22.0  251.8   253.0  21.2  252.3
1859  8 10   254.2  21.4  253.5   254.8  21.0  254.1   255.4  21.4  254.7
1859  8 11   256.1  19.0  255.5   256.2  21.1  255.5   256.0  19.4  255.4
1859  8 12   256.5  22.0  255.8   256.6  22.4  255.8   256.7  20.4  256.0
1859  8 13   256.9  21.6  256.2   256.8  23.0  256.0   256.8  22.0  256.0
1859  8 14   256.7  24.0  255.9   256.5  25.0  255.6   256.4  22.8  255.6
1859  8 15   256.4  23.6  255.6   256.5  23.9  255.7   256.4  22.4  255.7
1859  8 16   256.5  23.6  255.7   256.7  24.0  255.9   256.7  21.9  256.0
1859  8 17   257.1  23.0  256.3   257.3  22.0  256.6   257.4  22.6  256.7
1859  8 18   257.6  23.6  256.8   257.6  27.0  256.7   257.4  23.9  256.6
1859  8 19   257.6  23.7  256.7   257.4  27.0  256.4   257.0  23.2  256.2
1859  8 20   256.4  23.8  255.6   256.0  24.8  255.2   255.2  23.8  254.4
1859  8 21   253.4  23.9  252.6   253.2  22.3  252.4   254.2  22.5  253.4
1859  8 22   254.7  22.9  254.0   254.8  22.9  254.0   254.8  22.0  254.0
1859  8 23   254.2  23.3  253.4   253.9  24.0  253.1   254.4  22.9  253.6
1859  8 24   254.4  23.0  253.7   254.4  23.2  253.6   255.4  22.0  254.7
1859  8 25   255.5  22.9  254.7   255.3  23.5  254.5   255.1  21.0  254.4
1859  8 26   254.2  22.0  253.4   253.9  25.2  253.1   254.4  22.0  253.7
1859  8 27   255.0  22.0  254.3   255.0  20.5  254.3   254.7  23.0  253.9
1859  8 28   254.7  22.8  253.9   255.0  23.8  254.2   255.0  22.8  254.3
1859  8 29   254.5  22.8  253.8   254.5  20.3  253.8   254.5  22.8  253.7
1859  8 30   254.4  22.8  253.6   254.2  23.9  253.4   253.9  22.3  253.2
1859  8 31   252.8  21.8  252.1   253.0  23.3  252.2   253.2  23.3  252.5
1859  9  1   252.8  21.9  252.1   252.4  22.0  251.6   252.2  22.6  251.4
1859  9  2   253.0  22.0  252.3   253.7  23.1  253.0   254.2  23.0  253.4
1859  9  3   254.2  21.5  253.5   254.2  23.3  253.4   254.4  22.2  253.7
1859  9  4   254.1  21.6  253.4   253.8  22.2  253.0   254.2  22.0  253.5
1859  9  5   254.7  21.1  254.0   255.0  23.0  254.2   255.3  21.3  254.6
1859  9  6   255.2  21.6  254.5   255.0  22.0  254.3   255.1  21.9  254.4
1859  9  7   255.5  21.9  254.8   255.4  20.9  254.8   255.6  20.2  254.9
1859  9  8   255.5  21.0  254.8   255.8  21.5  255.1   255.9  20.5  255.2
1859  9  9   255.3  20.1  254.7   255.2  21.9  254.5   255.0  20.5  254.3
1859  9 10   252.9  19.9  252.3   252.3  21.9  251.6   252.5  21.0  251.8
1859  9 11   252.8  20.7  252.1   253.0  20.0  252.3   253.3  20.3  252.7
1859  9 12   253.5  20.0  252.9   253.4  21.7  252.7   253.6  21.5  252.8
1859  9 13   254.4  21.2  253.7   254.8  20.7  254.1   255.2  19.6  254.5
1859  9 14   255.2  20.9  254.5   255.6  20.9  254.9   255.8  20.0  255.2
1859  9 15   255.9  18.9  255.3   256.1  19.0  255.5   256.2  18.4  255.6
1859  9 16   255.8  18.7  255.2   255.5  18.0  255.0   255.4  17.8  254.8
1859  9 17   255.4  18.0  254.8   255.7  19.6  255.1   255.9  18.2  255.3
1859  9 18   255.8  18.7  255.2   255.7  20.0  255.1   256.0  17.0  255.5
1859  9 19   256.2  18.0  255.7   256.0  18.0  255.4   255.8  17.5  255.3
1859  9 20   255.5  17.7  254.9   255.1  17.8  254.6   255.1  17.8  254.5
1859  9 21   255.1  18.5  254.5   254.9  18.8  254.3   254.6  16.8  254.1
1859  9 22   253.2  18.6  252.7   252.3  17.9  251.8   251.6  17.6  251.1
1859  9 23   252.0  16.9  251.5   253.0  18.2  252.4   254.2  18.2  253.6
1859  9 24   255.4  19.6  254.8   255.6  19.1  254.9   255.3  19.6  254.7
1859  9 25   255.2  20.6  254.5   255.6  20.8  254.9   255.5  20.3  254.8
1859  9 26   254.8  19.6  254.2   254.5  20.5  253.8   255.0  19.6  254.4
1859  9 27   255.4  19.8  254.8   254.6  19.9  254.0   254.2  19.9  253.5
1859  9 28   255.0  19.6  254.4   255.7  21.0  255.0   256.3  20.0  255.6
1859  9 29   256.5  19.8  255.9   256.0  20.9  255.3   254.7  19.6  254.1
1859  9 30   253.2  19.9  252.5   253.9  21.3  253.2   254.1  19.0  253.5
1859 10  1   254.2  18.3  253.6   254.0  19.0  253.4   254.7  18.9  254.1
1859 10  2   255.0  18.9  254.4   255.7  18.9  255.1   256.6  18.0  256.0
1859 10  3   257.2  18.8  256.5   256.7  17.9  256.1   255.6  18.1  255.0
1859 10  4   256.9  18.4  256.3   257.7  18.0  257.1   258.3  19.1  257.7
1859 10  5   257.8  18.1  257.2   257.2  19.0  256.6   256.4  18.4  255.8
1859 10  6   255.0  19.1  254.4   254.4  19.0  253.7   255.1  19.5  254.5
1859 10  7   256.0  18.3  255.4   256.2  19.9  255.6   256.6  18.9  255.9
1859 10  8   257.1  17.8  256.6   257.6  20.6  257.0   258.4  18.0  257.8
1859 10  9   258.8  17.0  258.3   258.8  17.9  258.2   258.6  17.5  258.0
1859 10 10   258.3  17.0  257.8   258.3  18.2  257.7   258.5  17.9  257.9
1859 10 11   258.5  17.0  258.0   258.5  16.7  258.0   258.4  16.0  257.9
1859 10 12   258.4  16.0  257.9   258.3  16.8  257.8   258.2  16.9  257.7
1859 10 13   257.6  17.9  257.0   257.1  16.9  256.6   256.6  16.9  256.1
1859 10 14   256.2  17.1  255.7   256.4  17.0  255.9   256.6  17.0  256.1
1859 10 15   256.6  17.8  256.1   256.5  18.1  255.9   256.3  16.9  255.8
1859 10 16   255.6  15.2  255.2   255.6  17.0  255.1   255.8  15.2  255.3
1859 10 17   255.0  15.8  254.6   254.4  15.0  254.0   254.2  16.8  253.6
1859 10 18   253.2  16.0  252.8   252.2  15.9  251.7   251.3  16.7  250.8
1859 10 19   251.0  16.0  250.5   251.4  15.0  251.0   250.8  17.0  250.2
1859 10 20   247.4  15.9  246.9   245.8  17.2  245.2   247.6  18.7  247.0
1859 10 21   248.9  16.7  248.4   248.1  15.0  247.7   246.7  19.0  246.1
1859 10 22   247.2  16.0  246.8   248.1  17.0  247.6   249.4  16.0  249.0
1859 10 23   252.0  15.1  251.6   251.8  16.0  251.3   252.4  16.8  251.9
1859 10 24   252.7  16.2  252.2   252.1  13.8  251.7   252.6  17.0  252.1
1859 10 25   252.6  15.6  252.2   253.2  15.2  252.8   254.1  14.6  253.7
1859 10 26   255.4  18.0  254.9   256.1  16.6  255.6   255.9  15.6  255.4
1859 10 27   254.4  15.5  254.0   253.7  15.0  253.2   253.7  17.7  253.1
1859 10 28   253.3  15.9  252.8   252.6  16.0  252.2   252.3  18.6  251.7
1859 10 29   252.2  16.3  251.8   252.4  19.6  251.8   252.0  17.1  251.5
1859 10 30   250.2  17.2  249.7   249.7  18.0  249.2   249.2  17.0  248.7
1859 10 31   248.8  16.3  248.3   248.7  15.7  248.2   248.9  17.2  248.4
1859 11  1   248.4  16.8  247.9   247.5  17.4  247.0   246.8  16.8  246.3
1859 11  2   246.0  16.0  245.6   246.9  17.0  246.4   249.5  16.9  249.0
1859 11  3   251.4  12.2  251.1   252.0  14.9  251.6   252.4  17.9  251.8
1859 11  4   252.3  15.0  251.9   252.8  17.2  252.3   253.0  18.9  252.4
1859 11  5   251.1  15.0  250.7   248.8  17.7  248.3   247.2  16.9  246.8
1859 11  6   247.0  16.0  246.5   247.2  18.9  246.7   248.0  19.0  247.4
1859 11  7   249.8  17.3  249.3   250.2  19.5  249.5   249.6  18.1  249.1
1859 11  8   249.4  17.3  248.9   249.0  18.0  248.4   249.9  18.0  249.3
1859 11  9   251.8  17.0  251.3   253.2  18.5  252.7   254.6  17.4  254.1
1859 11 10   256.9  16.0  256.4   258.4  18.6  257.8   259.7  17.6  259.1
1859 11 11   260.5  17.6  260.0   259.9  18.3  259.3   259.4  17.5  258.9
1859 11 12   259.4  15.8  259.0   260.0  19.0  259.4   260.0  18.2  259.5
1859 11 13   259.2  17.0  258.6   258.5  17.7  257.9   257.4  18.1  256.8
1859 11 14   255.7  16.5  255.2   255.2  17.7  254.7   255.8  17.3  255.2
1859 11 15   259.0  16.2  258.5   260.3  18.5  259.7   261.4  16.9  260.9
1859 11 16   262.1  18.5  261.5   262.0  17.6  261.4   262.0  17.7  261.4
1859 11 17   261.2  18.0  260.7   260.8  19.8  260.2   260.3  18.0  259.7
1859 11 18   260.0  18.1  259.4   259.8  18.6  259.2   259.6  18.0  259.0
1859 11 19   259.3  16.6  258.8   258.8  19.0  258.2   258.5  18.0  257.9
1859 11 20   258.0  18.0  257.4   258.2  20.3  257.5   258.2  17.1  257.7
1859 11 21   257.9  16.5  257.4   257.8  16.5  257.3   257.2  16.9  256.6
1859 11 22   255.4  17.0  254.9   255.0  17.7  254.4   255.0  17.3  254.5
1859 11 23   255.0  16.7  254.5   255.3  17.0  254.8   256.4  17.8  255.8
1859 11 24   258.2  17.2  257.6   259.0  18.1  258.5   259.4  18.6  258.8
1859 11 25   259.6  16.8  259.0   260.0  15.8  259.5   260.4  17.8  259.9
1859 11 26   260.5  18.2  259.9   260.2  20.3  259.6   259.0  18.1  258.5
1859 11 27   257.0  17.1  256.4   256.0  19.4  255.4   255.1  18.0  254.6
1859 11 28   252.8  17.3  252.3   252.1  17.0  251.6   252.3  18.0  251.8
1859 11 29   251.5  17.0  251.0   250.7  18.8  250.1   250.3  18.6  249.7
1859 11 30   250.4  17.9  250.0   250.8  17.0  250.2   251.5  16.0  251.0
1859 12  1   252.5  14.8  252.1   253.5  14.9  253.0   255.0  17.0  254.5
1859 12  2   256.4  18.8  255.8   256.7  17.1  256.1   256.6  16.0  256.1
1859 12  3   257.0  15.1  256.5   257.3  16.8  256.8   257.4  16.7  256.8
1859 12  4   256.8  15.7  256.3   256.4  14.7  255.9   255.9  15.1  255.4
1859 12  5   254.6  14.4  254.1   253.8  15.2  253.3   252.6  16.8  252.1
1859 12  6   253.1  15.0  252.7   254.8  13.0  254.4   256.4  15.9  255.9
1859 12  7   256.6  17.1  256.1   257.0  17.1  256.5   257.9  17.1  257.3
1859 12  8   260.1  17.7  259.5   261.0  16.9  260.4   262.2  16.9  261.7
1859 12  9   263.0  15.0  262.5   263.3  17.5  262.7   263.2  16.8  262.6
1859 12 10   262.6  15.5  262.1   262.0  17.0  261.5   261.5  17.6  260.9
1859 12 11   260.0  17.8  259.4   258.6  17.2  258.0   256.0  17.2  255.5
1859 12 12   254.4  16.4  253.9   254.9  16.9  254.4   256.0  17.1  255.4
1859 12 13   255.8  14.1  255.4   255.6  17.1  255.1   255.3  16.8  254.8
1859 12 14   254.9  15.2  254.4   254.1  17.4  253.6   253.7  15.6  253.2
1859 12 15   253.7  16.9  253.2   253.6  17.2  253.1   253.4  16.0  253.0
1859 12 16   253.5  15.0  253.1   254.0  16.6  253.5   254.2  15.5  253.8
1859 12 17   255.6  14.8  255.2   255.7  14.2  255.3   255.3  16.0  254.8
1859 12 18   253.7  15.0  253.3   253.6  17.0  253.1   253.6  16.3  253.1
1859 12 19   253.1  14.2  252.7   252.7  16.0  252.2   252.4  17.0  251.9
1859 12 20   252.9  14.6  252.5   253.3  18.9  252.7   253.2  15.7  252.8
1859 12 21   252.6  13.7  252.2   252.7  15.9  252.2   252.4  16.0  251.9
1859 12 22   250.5  15.1  250.1   250.2  19.0  249.6   249.4  15.2  249.0
1859 12 23   249.1  13.8  248.7   250.0  16.0  249.5   250.1  14.0  249.7
1859 12 24   250.8  14.0  250.5   251.5  16.8  251.0   252.5  18.9  251.9
1859 12 25   252.2  15.2  251.7   251.4  17.0  250.9   250.4  15.9  249.9
1859 12 26   249.6  13.6  249.2   250.0  17.1  249.5   250.3  16.1  249.8
1859 12 27   249.8  15.0  249.4   249.8  17.2  249.3   250.0  17.0  249.5
1859 12 28   250.9  14.2  250.5   251.5  16.9  251.0   252.0  17.9  251.5
1859 12 29   252.3  16.2  251.8   252.8  19.0  252.2   252.8  17.1  252.3
1859 12 30   252.0  16.1  251.5   251.6  17.8  251.1   250.9  17.0  250.4
1859 12 31   250.6  15.4  250.1   250.9  18.0  250.4   251.6  17.9  251.0
1860  1  1   252.9  16.2  252.4   253.9  17.0  253.4   254.1  15.2  253.6
1860  1  2   250.9  15.8  250.5   249.9  19.3  249.3   250.1  16.9  249.6
1860  1  3   249.8  16.0  249.3   250.0  18.0  249.5   251.2  18.9  250.6
1860  1  4   249.6  17.5  249.1   248.4  19.9  247.8   247.2  18.8  246.6
1860  1  5   246.0  17.3  245.5   246.0  19.8  245.4   246.3  19.6  245.7
1860  1  6   246.3  16.6  245.8   246.8  18.6  246.2   247.4  17.3  246.8
1860  1  7   249.0  16.0  248.5   250.4  17.8  249.8   252.0  17.0  251.5
1860  1  8   254.2  15.0  253.8   255.2  18.0  254.6   255.6  17.0  255.1
1860  1  9   255.2  16.1  254.8   256.4  16.0  255.9   257.4  16.8  256.9
1860  1 10   258.2  15.3  257.8   258.7  18.0  258.1   259.2  16.9  258.7
1860  1 11   260.0  16.7  259.5   260.7  17.9  260.1   261.0  17.0  260.5
1860  1 12   261.1  15.6  260.6   261.1  17.5  260.6   261.3  20.0  260.6
1860  1 13   261.2  15.2  260.7   261.3  17.6  260.7   261.4  16.8  260.9
1860  1 14   261.3  15.0  260.8   261.4  16.1  260.9   261.4  17.0  260.9
1860  1 15   260.7  14.1  260.3   260.2  16.8  259.7   259.4  16.7  258.9
1860  1 16   258.0  15.9  257.5   257.0  17.1  256.6   255.8  16.1  255.3
1860  1 17   255.8  15.5  255.3   255.8  16.0  255.3   255.8  16.2  255.3
1860  1 18   255.4  15.0  254.9   255.4  17.9  254.8   255.5  17.2  255.0
1860  1 19   255.6  15.0  255.2   255.9  15.5  255.4   256.0  15.1  255.6
1860  1 20   255.8  14.0  255.4   255.7  17.5  255.2   256.0  16.2  255.5
1860  1 21   255.9  15.1  255.5   255.4  16.7  254.9   254.3  16.0  253.8
1860  1 22   252.4  14.4  252.0   251.9  17.2  251.4   251.4  15.0  250.9
1860  1 23   250.0  14.0  249.7   249.9  15.4  249.4   250.0  15.2  249.5
1860  1 24   249.4  13.8  249.0   249.1  15.8  248.6   249.4  15.6  249.0
1860  1 25   249.0  14.1  248.7   249.4  15.1  249.0   250.0  16.2  249.5
1860  1 26   250.6  15.4  250.2   251.0  18.0  250.4   251.1  16.0  250.6
1860  1 27   251.1  14.7  250.7   252.0  16.8  251.5   252.5  15.7  252.0
1860  1 28   251.2  14.2  250.8   250.6  16.8  250.2   250.0  15.8  249.5
1860  1 29   249.4  14.1  249.0   250.0  16.3  249.5   251.0  16.0  250.5
1860  1 30   250.4  16.1  249.9   250.2  17.2  249.6   249.6  16.2  249.1
1860  1 31   249.4  16.9  248.9   250.4  16.0  249.9   251.0  16.0  250.5
1860  2  1   250.9  15.0  250.5   251.6  17.5  251.0   252.4  16.3  251.9
1860  2  2   253.1  14.8  252.7   253.7  16.3  253.2   254.6  16.0  254.1
1860  2  3   255.2  14.6  254.8   255.5  18.9  254.9   255.2  16.8  254.7
1860  2  4   252.3  16.2  251.8   250.9  18.0  250.3   249.9  18.0  249.4
1860  2  5   248.9  16.0  248.4   247.8  17.2  247.3   246.7  17.2  246.2
1860  2  6   245.5  15.8  245.0   245.5  20.2  244.9   246.6  16.9  246.2
1860  2  7   248.8  14.0  248.4   250.3  15.7  249.8   251.0  15.2  250.6
1860  2  8   250.0  13.8  249.6   250.2  17.0  249.7   250.4  14.8  250.0
1860  2  9   251.2  13.0  250.9   251.7  17.0  251.2   252.1  16.1  251.6
1860  2 10   252.1  14.0  251.7   252.9  16.6  252.4   252.9  14.2  252.5
1860  2 11   253.2  12.9  252.9   254.4  15.5  254.0   255.9  12.1  255.6
1860  2 12   257.8  11.8  257.5   259.1  15.5  258.6   260.3  14.9  259.8
1860  2 13   260.4  11.3  260.2   260.6  16.9  260.0   260.0  14.9  259.5
1860  2 14   257.6  12.8  257.3   256.6  16.2  256.1   255.9  15.7  255.4
1860  2 15   253.8  13.5  253.4   253.0  16.8  252.5   252.5  14.0  252.1
1860  2 16   255.2  12.5  254.9   257.0  14.7  256.6   257.4  14.6  257.0
1860  2 17   255.1  12.0  254.8   254.3  17.0  253.8   254.1  15.2  253.7
1860  2 18   254.5  13.0  254.1   254.6  15.8  254.1   253.8  16.2  253.4
1860  2 19   250.2  14.8  249.8   248.1  15.3  247.7   246.7  14.8  246.3
1860  2 20   246.3  14.4  245.9   247.4  16.8  247.0   249.0  15.6  248.6
1860  2 21   251.0  13.2  250.6   252.4  15.0  252.0   254.0  15.0  253.6
1860  2 22   255.8  12.9  255.4   256.4  16.0  255.9   256.7  13.1  256.3
1860  2 23   256.5  12.7  256.2   256.5  17.0  256.0   256.9  14.7  256.4
1860  2 24   257.4  12.7  257.0   257.8  15.7  257.3   258.2  16.0  257.8
1860  2 25   258.1  14.4  257.6   258.1  17.7  257.6   257.9  16.6  257.4
1860  2 26   256.6  13.7  256.2   255.8  16.3  255.4   254.1  15.0  253.7
1860  2 27   251.0  13.4  250.6   249.6  16.0  249.1   249.0  15.8  248.5
1860  2 28   249.6  15.8  249.1   250.0  16.1  249.5   249.8  16.2  249.4
1860  2 29   249.6  14.9  249.1   251.1  17.8  250.5   252.2  16.9  251.7
1860  3  1   253.4  14.0  253.0   254.6  17.0  254.1   255.7  15.9  255.2
1860  3  2   256.8  14.0  256.4   257.6  16.9  257.1   258.2  15.0  257.7
1860  3  3   258.2  15.0  257.8   258.2  19.9  257.6   257.9  16.9  257.4
1860  3  4   257.0  15.0  256.6   256.4  18.0  255.9   255.6  16.2  255.1
1860  3  5   255.0  16.3  254.5   255.8  16.9  255.2   256.4  15.6  255.9
1860  3  6   257.3  14.0  256.9   257.8  16.8  257.2   258.1  15.9  257.6
1860  3  7   257.7  13.9  257.3   256.5  17.9  256.0   256.6  15.7  256.1
1860  3  8   257.6  14.0  257.2   257.7  14.9  257.3   257.5  14.7  257.1
1860  3  9   256.7  13.8  256.3   256.0  14.0  255.6   255.5  13.5  255.1
1860  3 10   254.5  13.5  254.1   254.6  18.0  254.0   254.4  15.9  253.9
1860  3 11   253.4  15.3  253.0   253.2  18.2  252.6   253.0  16.0  252.5
1860  3 12   252.4  13.1  252.0   252.8  16.4  252.3   253.1  15.3  252.6
1860  3 13   253.0  15.0  252.6   253.4  18.5  252.8   253.7  16.4  253.2
1860  3 14   254.0  14.0  253.6   254.2  17.9  253.7   254.4  16.0  253.9
1860  3 15   254.0  14.0  253.6   254.5  16.9  254.0   255.0  13.8  254.6
1860  3 16   255.2  13.2  254.8   255.6  17.5  255.1   256.4  14.9  256.0
1860  3 17   256.5  13.5  256.1   256.4  18.0  255.8   256.5  15.6  256.1
1860  3 18   253.4  14.9  253.0   252.4  15.1  252.0   252.5  15.9  252.0
1860  3 19   253.0  14.2  252.6   253.3  15.0  252.9   254.1  16.0  253.6
1860  3 20   253.7  15.0  253.3   254.0  16.8  253.5   253.7  16.0  253.2
1860  3 21   252.5  15.0  252.1   252.8  16.0  252.3   251.9  14.8  251.4
1860  3 22   249.4  13.8  249.0   248.4  16.4  248.0   249.6  14.9  249.2
1860  3 23   251.7  16.2  251.2   252.6  17.2  252.0   253.4  16.2  252.9
1860  3 24   253.2  14.9  252.8   252.7  17.9  252.1   251.6  16.0  251.2
1860  3 25   250.3  14.8  249.9   250.0  16.9  249.5   249.2  14.4  248.8
1860  3 26   249.1  15.0  248.7   249.2  17.0  248.7   249.8  16.8  249.3
1860  3 27   249.4  15.8  249.0   249.7  18.0  249.2   249.7  16.0  249.2
1860  3 28   249.4  15.8  248.9   249.8  18.8  249.2   250.3  16.7  249.8
1860  3 29   250.9  15.8  250.5   251.8  17.7  251.2   252.0  16.0  251.5
1860  3 30   252.1  15.9  251.6   252.4  17.4  251.9   252.8  15.4  252.3
1860  3 31   253.1  17.0  252.6   253.1  18.6  252.5   252.7  16.6  252.2
1860  4  1   251.2  16.0  250.7   250.3  17.2  249.8   249.0  16.7  248.6
1860  4  2   248.9  17.9  248.4   249.5  18.5  248.9   250.0  17.3  249.5
1860  4  3   248.6  15.7  248.1   248.5  18.3  247.9   248.9  17.8  248.4
1860  4  4   252.0  15.4  251.5   254.0  17.9  253.5   255.5  18.6  254.9
1860  4  5   255.3  17.9  254.7   254.4  21.0  253.7   255.5  18.9  254.9
1860  4  6   256.0  18.0  255.5   256.4  18.9  255.7   256.4  17.0  255.8
1860  4  7   256.5  17.5  256.0   256.4  19.6  255.8   256.0  18.9  255.4
1860  4  8   254.0  17.0  253.4   253.2  18.7  252.6   252.8  17.0  252.2
1860  4  9   251.2  16.7  250.8   250.0  19.9  249.3   250.6  19.8  250.0
1860  4 10   252.2  18.1  251.6   251.5  19.1  250.9   253.3  17.7  252.8
1860  4 11   254.9  17.2  254.3   255.4  19.2  254.8   256.0  17.0  255.5
1860  4 12   256.6  17.0  256.0   257.0  19.0  256.5   257.4  16.0  257.0
1860  4 13   257.8  15.1  257.4   258.3  17.0  257.7   258.9  16.1  258.4
1860  4 14   260.2  16.9  259.7   261.4  17.9  260.8   261.9  16.1  261.4
1860  4 15   262.4  17.1  261.9   262.4  18.0  261.8   262.0  18.3  261.5
1860  4 16   262.0  18.0  261.4   261.5  18.0  260.9   260.9  17.1  260.4
1860  4 17   260.4  17.2  259.8   259.5  17.9  258.9   258.6  16.7  258.0
1860  4 18   255.6  16.9  255.1   254.4  18.0  253.8   254.3  14.8  253.9
1860  4 19   253.7  13.9  253.3   253.6  15.2  253.2   253.5  15.6  253.0
1860  4 20   252.8  17.0  252.2   252.1  17.0  251.6   251.9  16.8  251.4
1860  4 21   252.1  16.4  251.6   252.9  19.6  252.3   253.6  17.3  253.0
1860  4 22   253.6  16.8  253.1   253.9  17.8  253.3   254.0  15.7  253.5
1860  4 23   253.6  17.2  253.1   253.8  17.7  253.3   253.8  16.7  253.3
1860  4 24   253.8  16.1  253.4   254.7  18.2  254.1   255.4  17.7  254.8
1860  4 25   255.6  17.0  255.1   255.4  18.2  254.9   255.2  15.7  254.7
1860  4 26   254.2  16.7  253.7   254.5  16.9  254.0   255.3  15.8  254.8
1860  4 27   256.6  17.0  256.1   257.3  17.3  256.8   257.8  15.0  257.4
1860  4 28   258.5  17.0  258.0   258.8  16.2  258.3   259.3  15.1  258.8
1860  4 29   259.8  17.0  259.2   260.0  18.9  259.4   260.6  17.2  260.1
1860  4 30   261.0  18.0  260.4   260.7  16.4  260.2   260.4  16.0  259.9
1860  5  1   259.4  16.2  258.9   258.3  16.2  257.8   257.8  15.0  257.4
1860  5  2   256.3  16.1  255.8   255.9  16.9  255.4   256.1  14.4  255.7
1860  5  3   256.4  17.0  255.8   256.2  16.0  255.7   255.8  16.2  255.4
1860  5  4   252.8  16.0  252.3   252.2  15.2  251.7   251.9  17.0  251.4
1860  5  5   250.7  16.9  250.2   250.0  17.0  249.5   249.9  16.4  249.4
1860  5  6   250.8  15.4  250.3   251.6  18.1  251.0   251.6  16.5  251.1
1860  5  7   251.9  16.6  251.4   252.4  17.2  251.8   252.6  16.0  252.2
1860  5  8   253.3  17.6  252.8   253.4  18.6  252.9   254.3  16.8  253.8
1860  5  9   254.8  17.9  254.2   254.9  18.6  254.3   254.3  15.8  253.8
1860  5 10   253.8  17.5  253.2   253.6  18.7  253.0   253.4  16.2  252.9
1860  5 11   253.3  18.0  252.8   253.6  18.0  253.0   254.2  16.8  253.6
1860  5 12   253.0  17.0  252.4   252.4  18.3  251.8   253.0  17.1  252.5
1860  5 13   254.4  17.6  253.9   254.7  17.9  254.1   254.6  16.8  254.0
1860  5 14   255.3  16.0  254.8   255.8  17.5  255.2   256.2  17.1  255.6
1860  5 15   256.4  17.5  255.8   256.5  15.6  256.0   256.6  15.6  256.2
1860  5 16   256.8  17.0  256.2   256.5  16.3  256.0   256.3  15.5  255.8
1860  5 17   255.6  16.0  255.1   255.4  17.7  254.8   255.2  15.7  254.8
1860  5 18   255.6  18.5  255.0   255.6  17.8  255.0   256.1  17.0  255.6
1860  5 19   256.8  17.9  256.2   256.8  18.0  256.2   256.9  16.6  256.4
1860  5 20   257.2  19.0  256.6   257.0  19.7  256.4   256.8  19.0  256.2
1860  5 21   256.0  18.2  255.4   256.3  19.3  255.7   256.4  18.0  255.8
1860  5 22   256.5  20.0  255.8   256.0  20.9  255.4   255.9  17.9  255.3
1860  5 23   254.9  18.0  254.4   253.4  17.8  252.9   253.0  18.1  252.4
1860  5 24   252.0  18.0  251.5   251.8  18.0  251.2   251.6  17.8  251.0
1860  5 25   250.8  18.7  250.2   252.7  19.2  252.1   253.8  17.8  253.3
1860  5 26   253.9  19.9  253.3   253.4  20.6  252.8   253.0  19.6  252.4
1860  5 27   252.2  21.2  251.5   251.7  21.1  251.0   251.4  19.3  250.8
1860  5 28   251.4  19.8  250.8   251.6  22.6  250.9   252.0  20.1  251.4
1860  5 29   253.2  20.0  252.6   253.4  21.0  252.8   253.0  19.8  252.3
1860  5 30   253.6  20.3  253.0   254.4  19.6  253.8   254.7  18.8  254.1
1860  5 31   254.2  19.4  253.6   253.5  18.5  252.9   253.0  17.8  252.4
1860  6  1   252.6  19.0  252.0   253.0  19.0  252.4   252.9  18.5  252.3
1860  6  2   252.5  18.1  251.9   253.5  19.5  252.9   253.8  18.0  253.2
1860  6  3   254.1  19.8  253.5   254.4  20.0  253.8   254.6  19.3  253.9
1860  6  4   254.5  20.9  253.8   254.4  19.8  253.8   254.4  18.5  253.8
1860  6  5   254.6  15.1  254.1   255.3  19.2  254.7   255.9  18.0  255.3
1860  6  6   256.2  19.1  255.5   256.1  19.0  255.5   256.2  17.2  255.6
1860  6  7   256.2  19.5  255.5   255.9  19.6  255.3   255.8  17.7  255.2
1860  6  8   255.5  19.9  254.8   254.7  19.9  254.1   253.2  19.6  252.6
1860  6  9   252.9  19.2  252.3   253.0  20.2  252.3   253.0  21.2  252.3
1860  6 10   252.7  20.6  252.1   252.4  20.4  251.8   251.6  19.9  250.9
1860  6 11   251.5  20.9  250.8   251.9  22.6  251.2   252.1  20.6  251.4
1860  6 12   253.1  21.9  252.4   254.0  21.8  253.2   254.7  20.3  254.1
1860  6 13   255.8  20.9  255.1   255.6  21.9  254.9   255.3  19.8  254.7
1860  6 14   255.7  21.8  255.0   255.5  22.3  254.8   255.4  20.3  254.7
1860  6 15   255.1  23.0  254.4   254.9  22.0  254.2   254.7  21.0  254.0
1860  6 16   254.9  23.0  254.1   254.9  23.0  254.2   255.0  21.6  254.3
1860  6 17   255.2  23.7  254.4   255.2  25.0  254.3   254.8  22.0  254.1
1860  6 18   254.0  24.0  253.2   254.0  23.5  253.2   254.0  22.1  253.2
1860  6 19   254.4  23.8  253.6   254.2  24.5  253.4   253.4  22.7  252.7
1860  6 20   253.6  21.3  253.0   254.6  23.2  253.8   254.8  21.0  254.1
1860  6 21   255.5  24.0  254.7   254.9  23.3  254.1   254.2  21.3  253.6
1860  6 22   254.1  23.2  253.3   254.6  24.8  253.8   254.2  20.4  253.5
1860  6 23   254.5  22.2  253.8   255.0  22.9  254.3   255.9  21.5  255.2
1860  6 24   256.3  22.3  255.6   256.3  24.1  255.5   256.3  22.8  255.5
1860  6 25   256.4  24.0  255.6   256.0  24.8  255.2   255.4  22.1  254.7
1860  6 26   254.2  24.0  253.4   253.2  24.5  252.3   252.4  22.7  251.7
1860  6 27   252.1  24.2  251.3   252.3  24.1  251.5   252.7  22.5  252.0
1860  6 28   252.7  23.9  251.9   252.4  23.8  251.6   251.4  22.2  250.7
1860  6 29   251.4  22.1  250.7   252.1  22.4  251.4   252.2  21.0  251.6
1860  6 30   252.6  20.4  252.0   253.0  22.8  252.2   253.2  20.7  252.5
1860  7  1   253.2  20.3  252.5   254.0  21.9  253.3   254.8  20.7  254.1
1860  7  2   255.8  24.4  254.9   255.6  22.2  254.9   255.2  21.1  254.5
1860  7  3   254.2  23.8  253.4   253.2  21.8  252.5   251.4  21.3  250.8
1860  7  4   250.3  20.9  249.6   250.2  20.8  249.6   250.1  19.4  249.5
1860  7  5   251.4  20.2  250.8   252.2  21.0  251.5   252.4  19.3  251.7
1860  7  6   252.1  24.2  251.3   252.2  18.5  251.6   252.5  20.3  251.8
1860  7  7   252.7  20.0  252.1   253.6  19.8  253.0   254.0  18.0  253.4
1860  7  8   255.0  24.0  254.2   255.2  22.2  254.4   255.5  19.9  254.9
1860  7  9   256.1  23.8  255.3   256.2  22.2  255.4   255.9  20.3  255.2
1860  7 10   256.1  24.0  255.3   256.2  22.0  255.5   256.1  19.9  255.5
1860  7 11   256.4  22.2  255.7   256.1  23.0  255.4   256.0  21.0  255.4
1860  7 12   256.5  26.0  255.6   256.6  22.6  255.8   256.7  20.8  256.0
1860  7 13   256.9  25.2  256.0   256.7  21.7  256.0   257.2  21.0  256.6
1860  7 14   257.5  24.0  256.7   257.6  21.9  256.8   257.6  21.0  256.9
1860  7 15   257.8  26.5  256.9   257.7  22.7  257.0   257.5  21.0  256.8
1860  7 16   257.1  23.7  256.3   257.0  23.7  256.2   256.7  22.0  256.0
1860  7 17   256.8  25.0  255.9   256.3  24.4  255.7   256.3  22.3  255.6
1860  7 18   256.3  24.8  255.4   256.1  24.4  255.3   255.8  23.5  255.0
1860  7 19   255.8  27.0  254.8   255.2  26.0  254.4   254.8  23.8  254.0
1860  7 20   254.2  26.8  253.3   254.0  25.2  253.1   254.2  24.5  253.4
1860  7 21   254.3  24.7  253.5   254.4  24.9  253.6   255.0  24.0  254.2
1860  7 22   254.9  27.0  253.9   254.8  24.9  254.0   255.1  23.9  254.3
1860  7 23   255.2  26.1  254.3   254.8  23.8  254.0   254.5  22.9  253.8
1860  7 24   254.8  26.2  253.9   254.8  24.2  254.0   254.7  23.2  253.9
1860  7 25   254.5  24.1  253.7   254.2  23.5  253.4   253.8  23.2  253.0
1860  7 26   252.5  22.0  251.8   252.2  23.0  251.4   251.9  22.6  251.1
1860  7 27   253.1  25.3  252.2   253.6  24.9  252.7   253.5  23.0  252.7
1860  7 28   253.5  24.0  252.7   253.7  22.5  253.0   254.1  22.0  253.3
1860  7 29   254.8  25.0  253.9   254.7  22.6  253.9   255.0  22.2  254.2
1860  7 30   254.9  23.1  254.1   255.0  22.8  254.3   255.0  21.7  254.3
1860  7 31   254.6  23.3  253.8   254.0  22.8  253.3   253.9  21.9  253.2
1860  8  1   253.5  23.5  252.7   253.1  23.3  252.3   252.8  22.1  252.0
1860  8  2   252.2  25.6  251.3   251.8  23.8  251.0   251.4  22.7  250.7
1860  8  3   250.5  24.4  249.7   250.2  23.9  249.4   250.1  22.3  249.4
1860  8  4   250.4  23.6  249.7   250.7  22.0  250.0   251.0  21.5  250.4
1860  8  5   250.9  22.6  250.2   251.0  21.8  250.4   251.0  22.1  250.3
1860  8  6   251.7  22.8  251.0   252.5  23.4  251.7   253.6  21.7  252.9
1860  8  7   254.3  24.1  253.5   253.7  22.0  253.0   253.6  24.5  252.7
1860  8  8   254.8  25.1  254.0   254.8  22.0  254.0   254.4  20.7  253.8
1860  8  9   254.4  23.9  253.6   254.5  21.9  253.7   254.8  21.1  254.1
1860  8 10   254.6  24.8  253.8   254.4  22.8  253.6   254.4  20.6  253.7
1860  8 11   255.2  26.1  254.3   255.1  22.0  254.4   255.1  20.3  254.4
1860  8 12   255.0  20.4  254.3   254.6  19.6  254.0   254.2  20.8  253.5
1860  8 13   253.6  20.1  253.0   254.0  22.0  253.3   254.1  19.5  253.5
1860  8 14   253.0  20.5  252.3   253.4  21.2  252.7   254.0  20.8  253.3
1860  8 15   254.9  23.8  254.1   254.5  22.8  253.7   253.8  21.0  253.1
1860  8 16   254.3  23.2  253.5   255.0  21.7  254.3   255.5  21.0  254.8
1860  8 17   255.8  21.7  255.1   256.1  21.7  255.4   256.0  21.2  255.3
1860  8 18   254.9  24.0  254.1   252.4  20.2  251.8   254.0  21.6  253.3
1860  8 19   255.0  23.4  254.2   254.9  22.0  254.2   254.6  20.9  253.9
1860  8 20   253.8  23.0  253.1   253.7  21.9  253.0   254.0  21.7  253.2
1860  8 21   254.7  26.0  253.8   254.8  22.3  254.0   254.8  20.6  254.2
1860  8 22   254.0  22.5  253.3   253.4  20.3  252.7   253.0  21.5  252.3
1860  8 23   252.4  20.9  251.7   252.4  20.0  251.8   252.2  20.4  251.5
1860  8 24   251.1  20.7  250.4   251.4  21.8  250.7   251.4  20.5  250.7
1860  8 25   251.7  21.1  251.0   252.2  19.3  251.6   253.2  20.1  252.6
1860  8 26   253.8  20.8  253.1   254.9  21.1  254.2   253.4  19.9  252.8
1860  8 27   252.7  24.8  251.9   252.6  22.1  251.8   252.8  19.5  252.2
1860  8 28   252.8  20.2  252.2   252.7  19.9  252.1   252.8  19.2  252.2
1860  8 29   252.7  21.9  252.0   252.8  21.0  252.1   252.9  19.6  252.2
1860  8 30   253.0  24.9  252.1   252.2  20.6  251.6   250.7  20.0  250.1
1860  8 31   251.1  24.9  250.2   251.9  21.6  251.2   252.0  19.2  251.4
1860  9  1   253.1  26.9  252.2   253.4  21.0  252.7   253.6  19.9  253.0
1860  9  2   254.4  24.3  253.6   254.2  20.9  253.5   254.2  19.9  253.5
1860  9  3   254.2  21.4  253.5   254.0  20.4  253.4   254.2  20.1  253.6
1860  9  4   254.2  18.9  253.6   254.4  20.3  253.7   254.3  19.6  253.6
1860  9  5   254.0  19.6  253.4   254.9  19.6  254.3   256.2  18.2  255.6
1860  9  6   257.1  24.8  256.2   256.3  20.6  255.6   256.3  19.9  255.7
1860  9  7   256.8  26.1  255.9   256.1  21.5  255.4   255.0  19.6  254.4
1860  9  8   252.4  22.8  251.7   251.6  22.6  250.8   251.4  20.7  250.7
1860  9  9   251.0  27.9  250.1   250.9  20.0  250.2   251.3  20.0  250.7
1860  9 10   252.4  21.3  251.7   253.0  19.0  252.4   253.7  18.8  253.2
1860  9 11   255.0  21.7  254.3   255.2  19.8  254.6   255.5  18.5  254.9
1860  9 12   256.3  24.6  255.5   256.0  18.0  255.4   255.8  17.9  255.2
1860  9 13   254.8  19.2  254.2   254.2  17.9  253.6   253.6  17.5  253.1
1860  9 14   253.9  18.2  253.3   254.4  17.5  253.9   254.8  18.2  254.3
1860  9 15   254.8  21.0  254.1   254.2  18.9  253.6   253.9  17.3  253.4
1860  9 16   252.3  17.2  251.8   251.6  18.6  251.0   250.9  19.0  250.3
1860  9 17   251.5  17.0  251.0   252.2  18.1  251.7   252.2  18.1  251.7
1860  9 18   252.0  19.9  251.3   251.7  19.6  251.1   252.1  19.8  251.4
1860  9 19   251.2  18.9  250.6   250.1  18.7  249.5   250.7  18.9  250.1
1860  9 20   250.8  17.9  250.3   251.7  18.1  251.1   253.1  20.7  252.4
1860  9 21   254.2  20.3  253.6   254.3  20.0  253.6   254.0  19.8  253.4
1860  9 22   253.4  20.5  252.7   254.1  18.8  253.5   254.8  19.9  254.2
1860  9 23   253.9  19.0  253.2   253.7  19.6  253.0   254.0  20.0  253.3
1860  9 24   255.0  18.4  254.5   255.4  18.8  254.8   255.6  16.8  255.1
1860  9 25   255.0  17.5  254.5   254.9  19.8  254.3   254.6  18.4  254.1
1860  9 26   255.2  24.1  254.4   255.5  19.9  254.8   255.7  18.8  255.1
1860  9 27   254.4  17.0  253.8   253.2  18.0  252.6   254.0  17.8  253.4
1860  9 28   255.6  26.0  254.7   255.5  18.8  254.9   255.7  17.8  255.2
1860  9 29   256.1  17.0  255.6   257.0  17.2  256.5   258.4  16.3  257.9
1860  9 30   260.0  19.5  259.4   260.1  19.7  259.4   260.1  18.2  259.5
1860 10  1   260.3  22.2  259.5   259.6  19.0  259.0   259.0  18.9  258.4
1860 10  2   257.9  22.9  257.1   256.8  19.0  256.2   255.6  18.5  255.0
1860 10  3   253.3  16.3  252.8   252.8  20.9  252.1   250.1  19.1  249.5
1860 10  4   245.0  15.9  244.6   247.0  18.9  246.4   249.8  17.9  249.2
1860 10  5   251.8  18.8  251.2   251.8  17.9  251.2   251.3  18.0  250.7
1860 10  6   252.5  21.8  251.8   253.8  17.7  253.2   255.7  18.2  255.1
1860 10  7   256.5  17.1  256.0   254.7  17.0  254.2   251.4  17.7  250.9
1860 10  8   250.8  17.5  250.2   250.4  18.0  249.9   250.2  17.9  249.7
1860 10  9   250.5  13.5  250.1   251.2  17.6  250.6   252.0  17.5  251.5
1860 10 10   252.5  18.2  251.9   252.3  16.3  251.8   252.0  17.0  251.5
1860 10 11   250.4  15.3  249.9   250.2  16.2  249.8   250.0  16.2  249.6
1860 10 12   249.3  14.5  248.9   250.0  16.0  249.5   251.9  17.0  251.4
1860 10 13   253.3  23.8  252.5   253.5  16.2  253.0   254.3  16.9  253.8
1860 10 14   255.1  14.0  254.7   256.0  18.0  255.4   256.0  17.9  255.4
1860 10 15   256.0  14.6  255.6   256.0  17.0  255.4   255.4  17.0  254.8
1860 10 16   254.2  15.0  253.8   253.1  17.0  252.6   251.0  16.8  250.5
1860 10 17   252.7  17.0  252.2   253.8  13.7  253.5   252.5  16.8  252.0
1860 10 18   253.2  15.3  252.7   252.8  17.1  252.3   252.7  17.0  252.2
1860 10 19   250.2  15.0  249.8   250.1  17.2  249.6   251.0  17.2  250.5
1860 10 20   250.1  16.0  249.6   248.4  17.0  247.9   248.2  18.0  247.6
1860 10 21   248.8  18.0  248.2   249.6  18.2  249.0   251.0  19.0  250.5
1860 10 22   253.7  23.0  252.9   254.4  17.2  253.9   255.8  18.2  255.3
1860 10 23   256.5  16.0  256.0   256.5  17.7  255.9   255.9  18.0  255.3
1860 10 24   255.5  16.0  255.0   257.1  17.0  256.6   258.1  17.0  257.6
1860 10 25   258.6  15.1  258.1   258.2  17.0  257.7   258.0  17.0  257.4
1860 10 26   257.7  17.9  257.1   257.6  18.7  256.9   257.8  18.6  257.2
1860 10 27   258.4  16.8  257.9   258.6  17.9  258.0   259.1  19.0  258.5
1860 10 28   259.4  17.2  258.8   259.3  17.8  258.7   259.4  19.0  258.8
1860 10 29   259.5  16.5  259.0   260.0  18.8  259.4   260.4  17.0  259.8
1860 10 30   260.8  16.4  260.3   261.3  16.9  260.7   261.0  16.0  260.6
1860 10 31   260.9  15.0  260.5   260.4  14.1  260.0   260.0  14.9  259.5
1860 11  1   259.4  14.9  259.0   259.0  14.0  258.6   258.7  15.0  258.2
1860 11  2   258.3  14.0  257.9   258.1  13.0  257.7   257.8  15.0  257.4
1860 11  3   257.2  14.4  256.7   257.4  15.9  256.9   258.3  15.1  257.8
1860 11  4   259.0  15.1  258.6   259.2  17.8  258.6   259.6  16.9  259.1
1860 11  5   260.1  16.7  259.6   260.6  16.7  260.0   261.3  16.7  260.8
1860 11  6   261.9  16.2  261.4   261.8  15.0  261.4   261.9  14.8  261.4
1860 11  7   261.2  16.1  260.7   260.4  16.6  259.8   259.7  17.2  259.1
1860 11  8   259.2  15.9  258.6   259.3  16.0  258.8   259.5  15.5  259.0
1860 11  9   259.7  14.9  259.3   259.4  14.8  259.0   259.2  15.8  258.7
1860 11 10   258.5  15.6  258.0   258.8  17.2  258.3   259.2  18.8  258.6
1860 11 11   258.4  16.2  257.9   258.1  17.6  257.5   257.9  15.1  257.4
1860 11 12   257.6  14.6  257.2   257.5  14.8  257.1   257.4  15.0  256.8
1860 11 13   256.4  14.9  256.0   256.0  15.3  255.6   255.7  16.9  255.2
1860 11 14   254.7  15.0  254.3   254.2  13.9  253.8   253.7  16.2  253.2
1860 11 15   252.6  14.6  252.2   252.4  15.7  251.9   251.6  16.0  251.1
1860 11 16   250.5  15.6  250.0   251.0  15.9  250.6   251.3  16.0  250.8
1860 11 17   251.4  15.1  250.9   251.9  16.0  251.4   252.4  15.5  251.9
1860 11 18   249.9  14.2  249.5   247.9  15.9  247.4   247.6  16.8  247.1
1860 11 19   249.8  16.7  249.3   251.1  16.9  250.6   252.6  16.7  252.1
1860 11 20   254.2  14.7  253.8   255.1  16.0  254.6   255.9  15.6  255.5
1860 11 21   256.6  14.0  256.2   257.0  14.9  256.6   257.3  15.8  256.8
1860 11 22   256.8  16.8  256.3   256.3  17.0  255.8   255.7  17.8  255.1
1860 11 23   254.8  15.0  254.4   254.6  16.8  254.1   254.3  15.2  253.8
1860 11 24   254.0  13.1  253.7   254.6  16.0  254.2   255.2  15.4  254.7
1860 11 25   255.2  14.1  254.8   255.0  14.1  254.6   254.0  14.5  253.6
1860 11 26   253.9  15.0  253.5   253.6  15.2  253.2   253.4  15.2  252.9
1860 11 27   253.4  13.2  253.0   253.6  14.2  253.2   253.9  15.6  253.5
1860 11 28   254.2  14.1  253.8   254.7  14.5  254.3   256.2  14.1  255.8
1860 11 29   258.0  13.9  257.6   259.4  16.1  258.8   260.2  15.7  259.7
1860 11 30   260.8  13.8  260.4   261.3  14.9  260.8   261.6  16.0  261.0
1860 12  1   261.0  13.7  260.6   259.9   0.2  260.1   260.1  15.7  259.6
1860 12  2   259.8  14.8  259.3   259.7  16.9  259.2   260.0  15.9  259.5
1860 12  3   260.0  14.8  259.6   259.8  15.0  259.3   259.4  14.9  258.9
1860 12  4   257.8  14.2  257.4   256.7  14.1  256.3   255.8  15.5  255.4
1860 12  5   254.0  14.3  253.6   253.4  14.6  253.0   253.3  15.4  252.8
1860 12  6   252.8  14.9  252.4   253.0  14.6  252.5   253.2  15.1  252.8
1860 12  7   253.1  15.8  252.6   253.0  16.9  252.4   253.0  17.9  252.4
1860 12  8   252.4  16.0  251.9   252.0  19.0  251.4   251.9  17.0  251.4
1860 12  9   252.0  14.9  251.6   252.5  17.0  252.0   253.6  16.0  253.1
1860 12 10   254.4  14.8  254.0   254.6  16.0  254.1   254.9  16.0  254.4
1860 12 11   253.9  14.6  253.5   253.8  16.0  253.4   254.2  15.1  253.7
1860 12 12   254.7  14.0  254.4   255.4  14.8  255.0   255.8  14.9  255.4
1860 12 13   256.7  14.0  256.3   257.1  16.0  256.6   257.6  16.0  257.1
1860 12 14   257.4  13.9  257.0   257.5  14.9  257.0   257.4  15.0  257.0
1860 12 15   256.6  14.3  256.2   256.0  15.0  255.5   254.9  17.0  254.4
1860 12 16   253.4  15.5  253.0   253.4  17.7  252.9   253.5  15.9  253.0
1860 12 17   253.2  14.9  252.8   253.2  13.9  252.8   253.2  15.9  252.8
1860 12 18   253.1  14.9  252.7   254.0  14.0  253.6   255.2  14.7  254.8
1860 12 19   255.2  13.9  254.8   253.8  16.1  253.4   253.6  17.1  253.1
1860 12 20   254.3  15.4  253.8   255.2  16.9  254.6   256.0  15.0  255.6
1860 12 21   256.8  15.6  256.3   256.8  16.8  256.2   256.2  15.9  255.7
1860 12 22   255.1  14.2  254.7   254.4  15.7  253.9   253.4  14.2  253.0
1860 12 23   252.5  15.2  252.1   251.9  16.5  251.4   250.6  16.0  250.2
1860 12 24   249.8  14.0  249.5   250.0  15.4  249.6   250.3  16.0  249.8
1860 12 25   252.4  13.5  252.0   252.5  14.6  252.1   252.3  16.0  251.8
1860 12 26   252.0  15.1  251.6   252.6  17.2  252.0   253.0  16.0  252.5
1860 12 27   253.2  15.0  252.8   253.6  16.8  253.1   253.8  16.0  253.3
1860 12 28   254.1  15.0  253.7   253.8  15.8  253.4   254.4  17.0  253.8
1860 12 29   255.9  15.9  255.5   256.8  16.0  256.3   257.2  15.0  256.8
1860 12 30   258.0  13.2  257.6   258.3  15.2  257.9   258.3  15.1  257.8
1860 12 31   258.4  15.8  257.9   258.3  17.0  257.8   257.9  16.3  257.4
1861  1  1   256.0  13.9  255.6   254.8  15.0  254.4   253.5  15.0  253.0
1861  1  2   254.2  15.0  253.8   255.0  17.0  254.5   255.7  15.7  255.2
1861  1  3   256.1  14.5  255.7   256.0  16.6  255.5   255.9  15.9  255.4
1861  1  4   256.6  13.0  256.2   257.1  14.0  256.7   259.0  15.6  258.5
1861  1  5   259.5  13.9  259.1   259.4  15.6  258.9   259.0  16.3  258.5
1861  1  6   258.1  12.8  257.7   257.2  14.8  256.8   257.9  13.9  257.5
1861  1  7   257.4  13.1  257.0   255.8  14.0  255.4   254.0  15.7  253.6
1861  1  8   255.7  14.8  255.3   256.0  14.9  255.6   256.2  15.1  255.8
1861  1  9   256.2  14.1  255.8   257.2  15.1  256.7   257.9  15.9  257.4
1861  1 10   255.8  15.2  255.4   258.0  16.8  257.5   259.4  15.0  258.9
1861  1 11   259.2  14.5  258.8   259.5  14.4  259.1   259.6  13.7  259.2
1861  1 12   259.2  11.7  258.8   258.9  15.2  258.4   258.2  13.0  257.9
1861  1 13   257.1  13.7  256.7   256.9  16.6  256.4   256.9  14.8  256.5
1861  1 14   258.0  12.3  257.6   259.9  16.0  259.4   259.4  15.1  258.9
1861  1 15   258.4  15.8  257.9   256.8  17.0  256.3   254.5  15.2  254.0
1861  1 16   253.8  14.0  253.4   254.4  15.2  254.0   253.4  15.2  253.0
1861  1 17   251.7  15.5  251.2   252.9  17.2  252.4   254.1  15.3  253.6
1861  1 18   254.1  14.6  253.6   253.7  15.7  253.2   253.3  14.8  252.9
1861  1 19   253.0  13.1  252.6   253.2  17.0  252.7   253.4  15.9  253.0
1861  1 20   254.8  13.9  254.4   256.1  16.9  255.6   257.4  15.0  256.9
1861  1 21   256.5  13.9  256.1   256.0  16.2  255.6   254.5  15.9  254.0
1861  1 22   255.1  13.8  254.7   256.4  14.9  256.0   257.4  15.0  257.0
1861  1 23   256.6  15.0  256.1   255.8  15.0  255.4   255.2  14.9  254.8
1861  1 24   254.3  13.8  253.9   254.4  14.6  253.9   254.6  15.0  254.1
1861  1 25   253.3  14.8  252.9   252.8  14.2  252.4   252.2  15.0  251.7
1861  1 26   249.8  13.0  249.4   249.5  16.8  249.3   251.9  14.9  251.5
1861  1 27   255.0  11.8  254.7   256.8  16.0  256.3   258.8  17.3  258.3
1861  1 28   260.1  13.8  259.7   260.4  15.9  259.9   260.1  15.9  259.6
1861  1 29   259.4  14.0  259.0   259.5  15.0  259.0   259.5  16.1  259.0
1861  1 30   258.8  13.9  258.4   258.3  15.0  257.8   258.0  15.6  257.5
1861  1 31   256.8  13.0  256.4   256.2  16.9  255.7   255.6  15.6  255.1
1861  2  1   255.2  14.8  254.8   254.9  16.9  254.4   254.5  16.7  254.0
1861  2  2   253.2  14.5  252.8   253.9  16.8  253.4   254.9  16.3  254.4
1861  2  3   251.1  14.6  250.7   250.6  16.8  250.1   250.8  17.8  250.3
1861  2  4   251.2  15.2  250.8   249.8  16.0  249.3   247.7  16.3  247.2
1861  2  5   246.7  15.0  246.3   249.7  16.4  249.2   251.8  15.9  251.4
1861  2  6   252.8  14.4  252.3   252.0  15.0  251.6   251.9  16.2  251.4
1861  2  7   251.7  15.1  251.3   251.7  16.2  251.2   252.3  16.2  251.8
1861  2  8   252.6  14.4  252.3   253.2  15.1  252.8   254.1  15.9  253.6
1861  2  9   254.6  15.2  254.2   255.2  17.0  254.7   255.7  16.5  255.2
1861  2 10   255.7  14.0  255.4   255.8  16.1  255.3   256.2  16.2  255.7
1861  2 11   257.0  13.7  256.6   257.4  17.8  256.8   257.6  16.0  257.1
1861  2 12   256.6  13.9  256.2   255.5  13.5  255.1   254.6  13.0  254.2
1861  2 13   253.6  12.0  253.3   254.6  15.8  254.1   255.2  15.9  254.8
1861  2 14   255.2  14.0  254.8   255.1  16.8  254.6   255.8  16.0  255.3
1861  2 15   256.6  14.8  256.1   257.0  15.5  256.5   257.2  16.0  256.7
1861  2 16   256.4  14.9  256.0   256.0  15.9  255.6   255.4  15.6  254.9
1861  2 17   255.0  13.2  254.6   255.6  15.0  255.2   256.3  15.1  255.8
1861  2 18   256.6  13.6  256.2   256.9  15.2  256.4   256.8  14.1  256.4
1861  2 19   257.0  12.1  256.8   257.3  12.6  256.9   258.6  15.1  258.2
1861  2 20   259.0  14.0  258.5   259.1  15.3  258.6   258.6  13.9  258.2
1861  2 21   257.4  12.9  257.1   256.9  17.3  256.4   256.2  17.3  255.6
1861  2 22   253.7  12.8  253.4   251.8  13.7  251.4   251.8  13.8  251.4
1861  2 23   252.6  13.1  252.2   253.5  16.7  253.0   254.2  14.5  253.7
1861  2 24   254.0  13.7  253.6   254.0  14.8  253.5   254.2  15.0  253.8
1861  2 25   257.2  13.8  256.8   258.5  17.0  258.0   258.8  15.6  258.3
1861  2 26   258.1  13.7  257.7   257.8  15.9  257.4   257.1  15.0  256.6
1861  2 27   255.4  14.1  255.0   254.8  14.8  254.4   254.5  15.3  254.0
1861  2 28   253.4  14.0  253.0   253.2  14.2  252.8   252.9  13.8  252.5
1861  3  1   252.4  13.2  252.0   252.1  13.6  251.8   252.0  16.0  251.5
1861  3  2   251.7  13.4  251.4   251.3  15.9  250.8   251.6  16.0  251.2
1861  3  3   250.7  14.0  250.3   250.7  16.7  250.2   250.0  15.1  249.6
1861  3  4   249.3  14.4  248.9   250.0  15.7  249.6   251.1  16.5  250.6
1861  3  5   253.1  16.8  252.6   253.7  16.0  253.2   254.1  16.1  253.6
1861  3  6   252.1  14.9  251.7   249.9  15.1  249.5   247.8  17.0  247.3
1861  3  7   247.6  16.9  247.1   248.8  17.0  248.3   250.7  15.9  250.2
1861  3  8   251.6  15.6  251.2   248.6  16.0  248.2   248.2  15.6  247.7
1861  3  9   249.1  14.1  248.7   250.3  17.0  249.8   250.3  16.2  249.8
1861  3 10   251.1  16.8  250.6   250.7  16.6  250.2   246.9  14.9  246.4
1861  3 11   246.4  13.7  246.0   246.5  15.9  246.1   247.1  15.9  246.6
1861  3 12   247.9  15.9  247.4   248.8  17.0  248.3   249.8  15.5  249.3
1861  3 13   251.4  13.9  251.1   252.9  15.9  252.4   254.3  14.6  253.8
1861  3 14   255.6  15.0  255.1   256.0  16.4  255.5   256.1  15.0  255.6
1861  3 15   254.5  14.9  254.1   253.9  16.9  253.4   252.8  16.1  252.3
1861  3 16   251.0  15.0  250.5   252.0  18.0  251.4   252.8  15.8  252.4
1861  3 17   252.6  13.1  252.2   251.6  16.6  251.1   251.3  16.5  250.8
1861  3 18   252.5  16.9  252.0   253.0  19.0  252.4   253.2  16.9  252.7
1861  3 19   251.9  14.9  251.4   251.8  16.9  251.3   251.8  17.8  251.3
1861  3 20   251.8  15.8  251.4   252.2  17.3  251.7   251.8  17.7  251.3
1861  3 21   249.5  15.8  249.1   249.4  16.6  248.9   248.6  17.8  248.0
1861  3 22   248.6  16.1  248.2   249.1  18.0  248.6   250.6  18.7  250.0
1861  3 23   252.5  21.7  251.8   253.4  20.0  252.7   254.1  17.0  253.6
1861  3 24   254.0  16.0  253.5   254.8  17.7  254.2   255.1  17.8  254.5
1861  3 25   254.2  17.1  253.7   254.0  18.5  253.4   254.5  17.1  254.0
1861  3 26   255.6  19.0  255.0   256.6  18.1  256.1   256.6  18.7  256.0
1861  3 27   256.6  19.0  255.9   256.7  20.0  256.1   256.4  18.2  255.9
1861  3 28   255.4  16.8  254.8   255.3  17.6  254.7   254.9  17.4  254.3
1861  3 29   254.7  16.1  254.2   254.9  16.1  254.4   255.0  16.0  254.5
1861  3 30   255.2  14.9  254.8   255.8  17.9  255.2   256.0  18.0  255.4
1861  3 31   256.2  16.9  255.6   256.4  19.0  255.8   256.6  15.9  256.1
1861  4  1   256.4  18.0  255.8   256.0  17.0  255.5   255.8  14.9  255.4
1861  4  2   256.2  17.9  255.6   256.2  16.3  255.7   255.8  16.5  255.3
1861  4  3   255.8  22.0  255.1   255.8  17.5  255.3   256.0  16.5  255.6
1861  4  4   256.2  17.0  255.6   256.2  15.3  255.7   256.2  16.7  255.7
1861  4  5   255.9  21.4  255.2   255.4  17.7  254.9   255.0  17.0  254.4
1861  4  6   254.4  16.2  253.9   255.0  17.7  254.5   255.8  16.9  255.3
1861  4  7   257.0  15.1  256.5   258.0  18.4  257.4   259.0  14.0  258.6
1861  4  8   259.6  15.7  259.1   259.8  15.0  259.3   260.0  15.8  259.6
1861  4  9   260.0  21.0  259.3   259.4  17.3  258.8   259.0  17.9  258.4
1861  4 10   257.2  16.0  256.7   256.6  17.9  256.0   256.5  17.9  255.9
1861  4 11   255.4  18.7  254.8   254.6  18.8  254.0   255.1  17.0  254.6
1861  4 12   257.0  18.6  256.4   257.1  17.1  256.6   256.1  18.9  255.5
1861  4 13   255.4  19.0  254.8   256.8  14.0  256.4   257.0  15.9  256.5
1861  4 14   255.2  15.5  254.7   258.1  19.6  257.4   259.4  15.1  258.9
1861  4 15   259.6  16.7  259.1   258.8  18.9  258.2   257.7  18.9  257.1
1861  4 16   256.5  18.2  255.9   255.1  16.2  254.6   254.2  17.0  253.6
1861  4 17   254.4  16.6  253.9   254.4  17.9  253.8   254.8  17.0  254.2
1861  4 18   255.8  18.3  255.2   254.9  16.7  254.4   255.6  16.9  255.0
1861  4 19   256.6  19.6  255.9   257.4  17.6  256.8   257.1  14.4  256.6
1861  4 20   256.6  18.0  256.0   255.4  19.9  254.7   253.6  17.6  253.0
1861  4 21   251.9  19.9  251.3   251.7  18.0  251.1   252.4  16.7  251.9
1861  4 22   253.4  20.8  252.8   254.0  17.3  253.4   254.4  16.3  253.9
1861  4 23   254.2  16.4  253.8   253.5  19.1  252.9   252.9  16.8  252.4
1861  4 24   251.3  15.3  250.9   251.0  17.0  250.5   250.9  16.7  250.4
1861  4 25   250.9  17.6  250.4   249.8  18.0  249.2   248.2  16.1  247.7
1861  4 26   247.4  15.6  246.9   248.1  16.0  247.6   248.9  16.8  248.4
1861  4 27   249.7  20.0  249.1   250.3  18.4  249.7   250.8  17.0  250.3
1861  4 28   251.0  20.0  250.3   251.0  18.8  250.4   251.3  16.8  250.8
1861  4 29   251.9  23.6  251.1   252.3  17.8  251.8   253.1  16.7  252.6
1861  4 30   254.2  17.8  253.6   254.6  17.6  254.0   254.6  16.5  254.1
1861  5  1   253.6  20.0  253.0   252.4  17.3  251.8   251.2  15.1  250.7
1861  5  2   250.3  21.0  249.6   251.0  18.6  250.4   252.0  16.1  251.6
1861  5  3   252.8  15.9  252.3   253.2  16.7  252.3   253.2  17.0  252.7
1861  5  4   254.6  16.0  254.1   255.6  16.1  255.1   256.2  16.9  255.6
1861  5  5   256.2  19.0  255.6   255.6  18.0  255.0   255.1  15.1  254.7
1861  5  6   254.0  20.3  253.3   252.5  17.9  252.0   251.0  16.2  250.6
1861  5  7   248.8  15.0  248.4   248.2  14.7  247.8   248.2  15.3  247.7
1861  5  8   247.2  14.9  246.8   247.6  16.8  247.2   248.7  17.5  248.1
1861  5  9   251.0  20.9  250.3   251.9  17.9  251.4   252.7  16.7  252.2
1861  5 10   253.2  17.0  252.8   253.3  15.6  252.9   254.0  15.6  253.5
1861  5 11   255.0  19.6  254.4   255.2  16.8  254.6   255.6  16.7  255.1
1861  5 12   256.8  19.0  256.2   257.0  19.1  256.4   256.8  17.0  256.3
1861  5 13   256.8  17.0  256.3   256.4  16.3  255.9   255.6  17.1  255.1
1861  5 14   254.6  16.9  254.1   255.8  17.4  255.3   257.6  18.2  257.0
1861  5 15   258.4  22.1  257.7   258.0  17.0  257.4   256.9  16.2  256.4
1861  5 16   254.3  15.4  253.8   254.1  16.8  253.6   254.6  17.0  254.0
1861  5 17   254.7  21.0  254.0   255.1  17.0  254.6   255.6  17.0  255.0
1861  5 18   255.9  19.7  255.2   256.4  17.9  255.8   256.8  16.0  256.3
1861  5 19   256.7  25.1  255.8   255.6  16.9  255.1   254.4  16.3  253.9
1861  5 20   253.4  16.5  253.0   253.3  17.1  252.8   254.9  13.4  254.5
1861  5 21   255.7  17.0  255.2   255.9  16.9  255.4   255.6  15.7  255.1
1861  5 22   255.1  17.1  254.6   255.2  16.0  254.7   255.4  15.2  255.0
1861  5 23   255.4  20.3  254.7   254.3  18.3  253.7   252.9  15.9  252.4
1861  5 24   251.0  14.8  250.6   250.2  15.0  249.7   250.6  16.3  250.1
1861  5 25   252.1  16.6  251.6   253.0  17.9  252.4   253.4  15.8  253.0
1861  5 26   254.1  16.7  253.6   254.6  17.8  254.0   254.6  15.5  254.2
1861  5 27   255.2  19.7  254.6   255.0  18.8  254.4   255.2  16.3  254.7
1861  5 28   255.5  19.9  254.8   255.4  17.7  254.8   255.3  17.2  254.8
1861  5 29   255.2  19.0  254.5   254.7  19.6  254.0   254.6  17.9  254.0
1861  5 30   255.1  21.9  254.4   255.6  20.4  254.9   256.4  20.5  255.7
1861  5 31   257.0  22.0  256.3   256.5  18.5  255.9   256.2  19.6  255.6
1861  6  1   255.8  22.4  255.1   255.5  20.8  254.8   255.2  19.0  254.6
1861  6  2   255.4  19.9  254.8   255.5  21.0  254.8   255.8  20.9  255.1
1861  6  3   256.6  21.0  256.0   256.6  20.8  256.0   256.8  19.9  256.2
1861  6  4   257.2  20.2  256.6   257.4  22.0  256.7   257.4  20.9  256.8
1861  6  5   257.3  21.0  256.6   256.8  21.0  256.2   256.9  20.9  256.2
1861  6  6   256.8  21.9  256.1   256.1  21.9  255.4   255.6  19.3  254.9
1861  6  7   255.8  22.1  255.0   256.0  22.8  255.3   256.4  22.0  255.7
1861  6  8   257.1  22.7  256.3   257.2  21.4  256.4   257.2  20.9  256.5
1861  6  9   257.6  24.7  256.7   257.5  24.7  256.7   257.4  23.0  256.6
1861  6 10   257.6  23.2  256.8   257.5  23.9  256.7   257.5  22.6  256.7
1861  6 11   257.6  25.0  256.8   257.6  25.2  256.7   257.6  22.4  256.9
1861  6 12   257.8  24.9  256.9   257.7  25.5  256.8   257.9  23.4  257.1
1861  6 13   258.5  24.9  257.6   258.0  24.0  257.1   257.7  23.7  256.9
1861  6 14   258.0  24.5  257.2   258.0  26.2  257.1   257.7  25.6  256.8
1861  6 15   257.1  26.4  256.2   256.5  27.2  255.5   256.3  24.0  255.6
1861  6 16   255.9  23.2  255.1   255.4  24.9  254.5   254.9  23.1  254.2
1861  6 17   255.8  26.0  254.9   256.3  23.4  255.5   256.2  20.0  255.6
1861  6 18   255.2  23.1  254.5   254.2  23.0  253.4   253.9  21.9  253.2
1861  6 19   255.0  24.0  254.2   255.6  22.7  254.8   255.2  23.6  254.4
1861  6 20   254.1  24.3  253.3   254.8  23.1  254.0   255.4  21.7  254.6
1861  6 21   254.8  22.3  254.1   254.2  23.2  253.5   255.2  22.0  254.5
1861  6 22   256.4  23.5  255.6   256.2  22.9  255.4   255.7  21.7  255.0
1861  6 23   255.6  24.0  254.7   255.3  22.5  254.6   255.0  20.6  254.3
1861  6 24   255.1  23.5  254.3   255.1  20.9  254.4   255.0  20.7  254.4
1861  6 25   254.9  22.8  254.2   255.2  22.7  254.4   255.6  24.0  254.8
1861  6 26   255.4  20.9  254.7   255.4  23.0  254.6   255.4  19.4  254.8
1861  6 27   255.4  24.8  254.6   255.2  22.3  254.5   255.0  21.0  254.3
1861  6 28   254.8  21.7  254.1   254.4  21.9  253.7   254.3  21.0  253.6
1861  6 29   253.5  24.0  252.7   253.1  23.7  252.3   252.5  22.7  251.7
1861  6 30   251.2  22.1  250.5   251.8  23.0  251.1   251.8  22.2  251.0
1861  7  1   251.6  22.6  250.9   251.9  22.3  251.2   251.9  22.0  251.2
1861  7  2   252.0  23.0  251.2   252.1  22.2  251.4   252.2  21.1  251.5
1861  7  3   252.2  21.9  251.5   252.3  22.7  251.5   252.6  20.9  251.9
1861  7  4   252.4  20.7  251.7   252.3  23.7  251.5   252.6  21.0  251.9
1861  7  5   253.2  24.9  252.8   253.5  21.7  252.8   253.8  21.0  253.1
1861  7  6   254.4  24.7  253.5   254.2  23.9  253.4   254.2  23.9  253.4
1861  7  7   254.3  21.7  253.6   254.3  23.1  253.5   254.1  21.8  253.4
1861  7  8   254.0  24.7  253.2   253.6  23.8  252.9   253.5  21.3  252.8
1861  7  9   253.6  24.6  252.7   253.5  23.5  252.7   253.8  22.0  253.0
1861  7 10   254.1  25.0  253.2   254.1  23.3  253.3   254.1  21.5  253.4
1861  7 11   254.4  23.6  253.5   254.3  23.5  253.5   255.0  20.9  254.3
1861  7 12   255.9  23.7  255.1   255.7  23.6  254.9   255.6  22.0  254.9
1861  7 13   255.7  24.5  254.8   255.5  24.6  254.6   255.4  22.3  254.6
1861  7 14   255.4  25.8  254.5   255.2  25.0  254.4   254.9  23.2  254.1
1861  7 15   254.5  27.2  253.6   254.3  26.4  253.4   254.1  24.0  253.3
1861  7 16   253.6  23.9  252.8   253.4  25.0  252.5   252.7  22.0  252.0
1861  7 17   251.8  24.0  251.0   252.0  24.0  251.2   252.3  22.0  251.6
1861  7 18   253.4  23.6  252.7   253.7  23.2  252.9   253.8  21.7  253.1
1861  7 19   253.6  23.9  252.8   253.4  23.7  252.6   254.1  21.8  253.4
1861  7 20   255.0  25.3  254.2   255.1  24.2  254.3   255.1  22.2  254.4
1861  7 21   255.4  25.9  254.5   255.2  24.9  254.4   255.0  22.7  254.2
1861  7 22   255.6  26.7  254.7   255.4  25.0  254.5   255.3  21.5  254.6
1861  7 23   255.4  23.1  254.7   255.4  25.9  254.5   255.1  23.3  254.3
1861  7 24   254.7  26.2  253.8   254.4  25.9  253.5   254.4  24.0  253.6
1861  7 25   255.2  26.9  254.3   254.9  25.0  254.1   254.8  23.6  254.0
1861  7 26   254.6  27.4  253.7   254.3  25.8  253.4   254.0  23.8  253.2
1861  7 27   252.2  25.0  251.4   252.5  25.0  251.7   253.0  23.7  252.2
1861  7 28   253.6  25.2  252.7   254.2  25.0  253.3   254.1  22.5  253.4
1861  7 29   252.8  22.6  252.1   251.4  22.9  250.6   251.2  22.1  250.5
1861  7 30   251.4  22.5  250.6   252.0  23.3  251.3   253.1  22.6  252.4
1861  7 31   254.0  23.6  253.3   254.3  24.2  253.4   254.4  22.3  253.7
1861  8  1   254.5  23.8  253.7   254.5  22.1  253.7   255.0  21.9  254.3
1861  8  2   255.6  23.3  254.9   255.8  23.2  255.0   256.0  21.8  255.2
1861  8  3   256.2  25.0  255.4   255.8  24.0  255.0   255.2  22.9  254.4
1861  8  4   254.6  22.8  253.9   254.4  23.0  253.7   254.4  22.2  253.6
1861  8  5   254.2  22.2  253.5   254.4  23.0  253.7   254.6  22.0  253.9
1861  8  6   254.3  23.2  253.5   255.6  22.0  254.8   252.1  22.0  251.4
1861  8  7   252.4  23.9  251.6   252.8  23.1  252.1   253.1  21.6  252.4
1861  8  8   253.2  23.5  252.4   252.4  21.8  251.7   251.2  20.0  250.5
1861  8  9   249.0  20.8  248.3   248.8  21.3  248.2   248.8  20.8  248.1
1861  8 10   249.3  24.8  248.5   250.4  22.2  249.7   251.6  21.7  250.9
1861  8 11   252.3  24.9  251.5   252.3  23.0  251.5   252.4  22.0  251.7
1861  8 12   253.1  23.8  252.3   253.7  22.5  253.0   253.8  21.5  253.1
1861  8 13   253.4  22.4  252.6   253.0  23.8  252.2   251.8  22.6  251.1
1861  8 14   250.6  21.9  249.9   251.1  22.2  250.4   251.8  22.0  251.1
1861  8 15   251.6  20.0  250.9   251.8  21.7  251.1   252.1  22.7  251.4
1861  8 16   253.6  23.0  252.8   254.5  24.0  253.7   255.3  22.3  254.6
1861  8 17   256.0  25.0  255.2   255.2  22.7  254.4   255.6  22.0  254.8
1861  8 18   255.4  21.5  254.7   255.8  22.7  255.1   256.4  21.5  255.6
1861  8 19   256.5  27.0  255.6   255.8  22.8  255.0   255.0  21.8  254.3
1861  8 20   254.2  21.6  253.5   254.3  22.7  253.5   254.4  20.7  253.7
1861  8 21   254.6  25.5  253.7   254.0  21.6  253.3   254.0  20.7  253.3
1861  8 22   253.8  21.2  253.1   254.4  20.3  253.7   254.8  20.1  254.3
1861  8 23   254.7  26.6  253.8   253.3  21.0  252.6   251.6  20.9  251.0
1861  8 24   250.1  20.3  249.5   250.0  20.1  249.4   250.3  20.8  249.6
1861  8 25   252.2  23.1  251.4   253.0  21.9  252.3   253.9  20.2  253.3
1861  8 26   255.2  29.0  254.3   255.0  20.9  254.3   255.2  20.9  254.6
1861  8 27   254.7  22.8  253.9   253.9  22.0  253.2   253.7  21.1  253.0
1861  8 28   254.4  27.1  253.5   254.2  22.5  253.4   254.1  19.9  253.4
1861  8 29   254.8  25.0  253.9   254.6  22.3  253.9   254.5  21.8  253.8
1861  8 30   253.7  26.2  252.8   252.1  21.0  251.4   251.4  21.7  250.6
1861  8 31   250.8  25.5  249.9   250.6  22.0  249.9   251.0  21.0  250.3
1861  9  1   251.7  21.0  251.0   252.4  20.7  251.7   253.1  20.5  252.4
1861  9  2   253.8  25.0  252.9   253.5  21.2  252.8   253.4  21.2  252.7
1861  9  3   253.3  23.6  252.5   252.9  21.0  252.2   252.7  20.9  252.0
1861  9  4   251.1  19.9  250.5   250.5  20.3  249.9   250.3  20.1  249.7
1861  9  5   251.2  27.2  250.3   251.3  20.0  250.6   251.6  19.5  251.0
1861  9  6   252.0  19.8  251.3   252.3  17.7  251.8   252.9  18.0  252.3
1861  9  7   252.6  18.2  252.3   252.7  19.7  252.0   252.8  18.0  252.2
1861  9  8   253.0  18.6  252.4   253.6  19.9  253.0   254.6  19.0  254.0
1861  9  9   255.3  18.8  254.7   255.4  20.5  254.7   255.4  18.6  254.9
1861  9 10   255.6  24.0  254.8   255.4  19.0  254.7   255.6  18.3  255.1
1861  9 11   256.0  19.7  255.4   256.3  18.8  255.7   256.8  18.1  256.2
1861  9 12   257.7  24.0  256.9   257.7  19.7  257.1   258.1  18.0  257.5
1861  9 13   258.5  20.6  257.8   258.0  18.9  257.4   257.4  18.0  256.9
1861  9 14   256.6  19.7  256.0   255.5  19.8  254.9   254.3  18.6  253.7
1861  9 15   252.8  19.0  252.2   252.8  19.8  252.1   252.9  19.9  252.3
1861  9 16   252.5  22.5  251.8   252.0  21.3  251.4   252.1  19.9  251.4
1861  9 17   251.9  19.0  251.3   252.3  20.2  251.7   253.0  19.0  252.4
1861  9 18   253.8  19.2  253.2   253.8  18.9  253.2   253.9  18.7  253.3
1861  9 19   253.7  20.2  253.1   253.6  17.0  253.0   253.9  18.0  253.2
1861  9 20   254.0  18.9  253.4   253.7  18.0  253.1   253.2  17.4  252.6
1861  9 21   254.0  18.3  253.4   254.6  15.4  254.0   254.9  18.4  254.3
1861  9 22   254.4  25.0  253.6   253.7  20.0  253.1   253.5  18.8  252.9
1861  9 23   252.1  18.0  251.5   251.8  18.3  251.2   250.9  17.0  250.4
1861  9 24   250.3  16.8  249.8   250.6  15.8  250.1   250.7  16.2  250.2
1861  9 25   251.6  18.6  251.1   252.0  16.4  251.5   252.4  18.0  251.8
1861  9 26   252.7  17.6  252.1   253.1  17.9  252.6   253.6  17.9  253.1
1861  9 27   254.3  17.5  253.8   255.1  18.9  254.4   255.8  19.0  255.2
1861  9 28   257.3  17.9  256.7   258.0  18.7  257.4   258.9  18.8  258.3
1861  9 29   259.5  24.3  258.7   259.2  19.0  258.6   259.3  18.5  258.7
1861  9 30   258.6  17.8  258.0   258.3  19.0  257.6   257.8  19.0  257.2
1861 10  1   256.9  21.0  256.2   256.2  20.1  255.6   255.6  17.9  254.9
1861 10  2   255.0  18.8  254.4   255.0  20.8  254.3   255.0  18.9  254.4
1861 10  3   254.9  19.6  254.3   255.4  19.6  254.8   256.0  19.0  255.4
1861 10  4   256.4  18.3  255.9   257.7  18.6  257.1   258.4  17.8  257.8
1861 10  5   259.0  20.9  258.3   258.5  19.8  257.9   256.7  18.0  256.1
1861 10  6   255.5  17.6  255.0   255.0  18.9  254.4   254.7  17.9  254.1
1861 10  7   256.0  21.9  255.2   256.1  17.0  255.6   256.5  17.5  256.0
1861 10  8   256.6  17.5  256.0   256.2  18.9  255.6   255.9  17.9  255.4
1861 10  9   255.6  22.9  254.8   254.8  19.7  254.2   253.8  18.6  253.2
1861 10 10   253.7  19.2  253.1   254.3  20.0  253.6   255.3  19.0  254.7
1861 10 11   256.6  20.8  255.9   257.0  19.0  256.4   257.4  19.2  256.8
1861 10 12   257.4  23.0  256.6   257.1  18.2  256.5   257.4  18.2  256.8
1861 10 13   258.1  18.2  257.5   258.8  20.6  258.1   259.1  19.0  258.5
1861 10 14   259.1  19.0  258.5   259.8  20.3  259.1   260.0  19.0  259.4
1861 10 15   260.4  18.2  259.8   260.4  19.4  259.8   259.7  18.0  259.1
1861 10 16   257.6  22.2  256.9   256.5  19.4  255.9   256.0  19.1  255.4
1861 10 17   256.9  17.2  256.3   257.7  17.5  257.1   258.6  19.0  258.0
1861 10 18   259.0  21.9  258.3   258.6  17.6  258.0   258.2  16.9  257.7
1861 10 19   259.4  21.7  258.7   259.6  18.9  259.0   259.9  18.9  259.3
1861 10 20   260.2  15.0  259.7   260.4  18.1  259.8   260.2  15.8  259.7
1861 10 21   259.9  17.4  259.3   259.4  17.0  258.9   259.0  17.7  258.5
1861 10 22   258.0  17.3  257.5   258.0  17.7  257.5   258.6  18.0  258.1
1861 10 23   259.0  17.0  258.5   259.0  16.1  258.6   259.3  17.7  258.7
1861 10 24   259.6  17.6  259.0   259.6  17.1  259.0   259.7  17.9  259.1
1861 10 25   259.4  17.0  258.8   259.3  18.0  258.7   259.0  17.5  258.5
1861 10 26   258.3  16.6  257.8   257.7  17.1  257.2   257.4  18.0  256.8
1861 10 27   257.5  17.0  257.0   257.6  17.7  257.1   258.0  18.0  257.4
1861 10 28   258.1  16.2  257.6   257.9  17.8  257.4   257.6  16.1  257.1
1861 10 29   256.8  15.8  256.2   256.4  16.0  255.9   255.8  16.5  255.2
1861 10 30   254.4  15.9  253.9   254.2  18.0  253.6   254.2  17.9  253.6
1861 10 31   254.0  18.2  253.5   254.0  19.0  253.4   253.8  17.2  253.3
1861 11  1   253.0  16.3  252.5   252.5  18.0  252.0   252.0  17.2  251.5
1861 11  2   250.8  15.9  250.3   250.6  17.0  250.0   250.6  17.9  250.1
1861 11  3   250.8  17.0  250.2   250.2  16.9  249.6   249.8  17.6  249.2
1861 11  4   250.7  17.9  250.2   250.6  16.0  250.2   251.8  17.1  251.3
1861 11  5   252.8  16.4  252.2   253.3  16.0  252.8   254.2  16.2  253.8
1861 11  6   254.2  14.9  253.8   253.7  13.9  253.3   253.0  16.9  252.4
1861 11  7   251.7  15.9  251.2   250.9  15.2  250.5   250.1  15.2  249.6
1861 11  8   250.2  14.7  249.7   250.5  16.2  250.0   250.7  17.8  250.2
1861 11  9   251.1  16.3  250.6   251.4  16.0  250.9   252.0  15.6  251.6
1861 11 10   252.2  13.2  251.8   252.8  16.3  252.3   253.6  17.0  253.0
1861 11 11   254.1  15.7  253.6   254.5  18.4  253.9   254.9  16.5  254.4
1861 11 12   255.6  15.0  255.2   256.2  14.9  255.7   256.9  15.0  256.5
1861 11 13   257.2  14.0  256.8   256.6  15.8  256.4   255.5  14.9  255.1
1861 11 14   252.6  14.2  252.2   251.4  15.3  250.9   250.6  13.2  250.2
1861 11 15   250.6  13.2  250.2   251.0  16.0  250.5   251.6  15.9  251.1
1861 11 16   252.1   8.6  251.9   253.0  14.0  252.6   253.7  12.0  253.4
1861 11 17   254.7  15.2  254.3   255.0  16.9  254.4   254.6  12.9  254.2
1861 11 18   254.9  13.0  254.6   255.6  16.8  255.1   256.2  16.0  255.8
1861 11 19   254.4  14.1  254.0   252.6  15.5  252.1   249.9  14.1  249.5
1861 11 20   250.0  12.0  249.6   251.7  16.6  251.1   251.4  17.7  250.9
1861 11 21   249.2  14.0  248.8   250.3  24.0  249.5   250.6  20.9  249.9
1861 11 22   245.8  14.9  245.4   244.8  17.0  244.4   244.3  17.0  243.8
1861 11 23   246.2  15.3  245.7   246.2  16.9  245.7   246.5  18.2  245.9
1861 11 24   248.6  15.0  248.2   251.4  17.0  250.9   254.4  17.9  253.8
1861 11 25   255.7  16.3  255.2   255.6  17.5  255.0   254.4  16.9  253.8
1861 11 26   252.0  16.2  251.6   251.2  16.8  250.7   250.2  17.1  249.6
1861 11 27   250.9  15.9  250.4   252.6  15.6  252.2   253.4  18.8  252.8
1861 11 28   252.8  16.0  252.4   253.2  18.8  252.6   253.3  18.4  252.7
1861 11 29   253.1  16.7  252.6   252.8  18.7  252.2   252.8  17.9  252.3
1861 11 30   249.6  16.7  249.1   248.6  16.9  248.1   249.3  19.5  248.8
1861 12  1   249.4  14.9  248.9   249.4  20.9  248.7   250.5  18.0  250.0
1861 12  2   252.8  17.0  252.3   254.0  17.6  253.4   255.7  18.0  255.1
1861 12  3   257.8  16.9  257.3   258.7  17.7  258.1   259.3  17.1  258.8
1861 12  4   259.6  18.2  259.0   259.4  19.0  258.8   259.3  17.7  258.7
1861 12  5   259.2  15.9  258.6   258.8  16.9  258.3   258.5  16.9  258.0
1861 12  6   258.6  17.6  258.0   258.4  19.0  257.8   257.8  16.9  257.3
1861 12  7   256.7  16.0  256.2   256.3  19.0  255.7   255.8  17.0  255.2
1861 12  8   256.2  15.9  255.7   256.6  17.2  256.0   256.7  16.1  256.2
1861 12  9   256.7  16.0  256.2   257.2  15.2  256.7   257.6  15.9  257.2
1861 12 10   257.3  15.5  256.8   257.3  15.5  256.8   257.7  16.9  257.1
1861 12 11   257.2  16.0  256.8   256.8  15.0  256.3   256.4  17.2  255.9
1861 12 12   256.3  16.7  255.8   256.3  16.0  255.8   255.8  17.3  255.3
1861 12 13   254.2  16.9  253.7   253.9  16.0  253.4   253.6  18.2  253.0
1861 12 14   252.1  17.5  251.6   250.6  19.0  250.1   249.0  17.6  248.5
1861 12 15   247.1  16.2  246.6   247.0  18.0  246.4   249.0  17.0  248.4
1861 12 16   250.0  15.7  249.6   251.4  15.0  251.0   253.2  17.1  252.6
1861 12 17   253.3  15.8  252.8   252.8  16.1  252.3   251.9  16.9  251.4
1861 12 18   251.5  15.1  251.0   253.1  18.0  252.5   254.6  16.8  254.1
1861 12 19   256.7  15.3  256.2   257.0  17.8  256.4   256.9  16.6  256.4
1861 12 20   256.2  15.9  255.7   255.9  16.3  255.4   255.9  18.6  255.3
1861 12 21   254.9  17.0  254.4   254.0  18.2  253.5   253.5  17.7  253.0
1861 12 22   254.2  16.0  253.7   253.4  19.6  252.8   254.2  16.9  253.6
1861 12 23   254.9  15.9  254.4   255.9  17.7  255.4   256.5  16.0  256.0
1861 12 24   255.6  15.6  255.2   255.8  18.0  255.3   256.6  20.2  255.9
1861 12 25   257.1  16.1  256.6   257.3  18.9  256.7   257.2  18.0  256.6
1861 12 26   255.0  16.9  254.5   255.0  19.0  254.3   256.4  17.0  255.8
1861 12 27   258.8  14.7  258.4   259.0  18.8  258.3   257.3  18.0  256.7
1861 12 28   258.0  14.6  257.5   256.7  16.8  256.2   255.3  19.6  254.7
1861 12 29   253.1  16.2  252.6   255.0  19.6  254.4   257.1  15.8  256.6
1861 12 30   258.6  15.2  258.1   258.8  17.0  258.3   257.6  15.0  257.2
1861 12 31   252.6  14.4  252.2   251.2  16.2  250.7   252.2  17.0  251.6
