2013  1  1  987.8  991.0  993.8
2013  1  2  999.1 1001.9 1004.7
2013  1  3 1004.2 1000.1 1001.1
2013  1  4 1008.0 1009.7 1014.2
2013  1  5 1023.8 1025.3 1024.2
2013  1  6 1021.5 1023.1 1025.9
2013  1  7 1026.7 1025.6 1023.4
2013  1  8 1015.4 1014.9 1016.9
2013  1  9 1013.5 1010.3 1008.3
2013  1 10 1005.8 1007.4 1008.7
2013  1 11 1012.3 1015.8 1018.3
2013  1 12 1021.6 1023.5 1025.1
2013  1 13 1026.2 1026.0 1025.4
2013  1 14 1023.8 1023.0 1021.7
2013  1 15 1014.9 1011.7 1010.7
2013  1 16 1011.5 1013.8 1016.4
2013  1 17 1021.7 1023.9 1025.4
2013  1 18 1023.9 1022.1 1020.4
2013  1 19 1015.6 1012.9 1008.8
2013  1 20 1007.9 1010.9 1011.8
2013  1 21 1015.7 1018.2 1018.4
2013  1 22 1017.4 1016.3 1015.0
2013  1 23 1013.7 1013.7 1013.2
2013  1 24 1014.9 1016.2 1018.4
2013  1 25 1018.9 1017.9 1015.6
2013  1 26 1012.8 1011.6 1008.6
2013  1 27 1005.7 1003.0  999.1
2013  1 28  996.1  998.0 1000.6
2013  1 29  999.8  997.8  996.8
2013  1 30  989.6  982.8  981.1
2013  1 31  978.2  980.0  985.6
2013  2  1  992.2  993.2  992.5
2013  2  2  992.5  995.2  998.8
2013  2  3 1002.1 1001.0  999.4
2013  2  4  995.5  989.2  982.3
2013  2  5  978.6  981.3  985.0
2013  2  6  990.6  991.6  995.7
2013  2  7 1003.0 1007.1 1010.7
2013  2  8 1014.5 1013.5 1012.4
2013  2  9 1014.0 1016.2 1017.7
2013  2 10 1016.7 1015.6 1014.3
2013  2 11 1014.9 1017.2 1019.6
2013  2 12 1021.2 1021.0 1019.9
2013  2 13 1025.3 1028.8 1030.1
2013  2 14 1027.9 1027.1 1026.1
2013  2 15 1024.9 1025.0 1025.1
2013  2 16 1025.2 1026.0 1026.0
2013  2 17 1023.6 1021.7 1018.7
2013  2 18 1014.0 1013.9 1013.6
2013  2 19 1017.5 1020.7 1023.6
2013  2 20 1029.6 1030.8 1030.5
2013  2 21 1029.0 1028.2 1026.7
2013  2 22 1023.6 1023.8 1024.7
2013  2 23 1028.3 1029.9 1029.9
2013  2 24 1030.5 1031.3 1031.6
2013  2 25 1033.8 1035.2 1035.3
2013  2 26 1033.5 1030.7 1029.7
2013  2 27 1028.4 1026.8 1022.9
2013  2 28 1015.8 1009.3 1004.4
2013  3  1 1005.9 1010.1 1016.6
2013  3  2 1013.8  999.4  992.1
2013  3  3 1001.8 1009.4 1014.9
2013  3  4 1014.1 1011.9 1012.3
2013  3  5 1012.3 1010.4 1006.8
2013  3  6 1003.5 1004.7 1011.2
2013  3  7 1017.2 1019.1 1020.7
2013  3  8 1023.3 1023.0 1022.5
2013  3  9 1022.3 1022.3 1022.2
2013  3 10 1021.6 1021.1 1019.9
2013  3 11 1015.3 1013.0 1011.0
2013  3 12 1004.7 1001.8 1001.3
2013  3 13 1005.2 1007.2 1008.5
2013  3 14 1008.4 1010.4 1012.4
2013  3 15 1015.0 1015.7 1015.4
2013  3 16 1016.9 1017.8 1018.2
2013  3 17 1020.9 1022.3 1023.4
2013  3 18 1024.0 1022.6 1019.3
2013  3 19 1015.5 1014.9 1014.6
2013  3 20 1015.5 1018.7 1020.9
2013  3 21 1025.3 1027.5 1028.8
2013  3 22 1033.3 1034.5 1035.0
2013  3 23 1033.3 1032.5 1032.4
2013  3 24 1033.0 1033.0 1032.2
2013  3 25 1031.0 1029.0 1027.3
2013  3 26 1025.7 1024.4 1023.2
2013  3 27 1022.5 1021.9 1021.9
2013  3 28 1022.4 1022.2 1022.3
2013  3 29 1020.6 1018.3 1015.8
2013  3 30 1011.5 1010.5 1011.5
2013  3 31 1013.7 1014.1 1014.0
2013  4  1 1012.3 1012.2 1012.4
2013  4  2 1014.9 1017.0 1020.2
2013  4  3 1025.0 1025.6 1025.0
2013  4  4 1023.9 1022.7 1021.8
2013  4  5 1019.3 1018.1 1017.4
2013  4  6 1017.4 1015.8 1012.9
2013  4  7 1008.0 1007.5 1009.4
2013  4  8 1008.4 1010.8 1012.7
2013  4  9 1016.7 1017.0 1017.2
2013  4 10 1018.2 1017.4 1017.3
2013  4 11 1014.1 1013.0 1011.3
2013  4 12 1007.7 1005.8 1003.4
2013  4 13  999.0 1003.7 1009.5
2013  4 14 1021.8 1023.9 1024.0
2013  4 15 1020.7 1018.8 1017.7
2013  4 16 1018.3 1017.3 1014.1
2013  4 17 1010.2 1008.3 1011.9
2013  4 18 1007.9  999.6  999.4
2013  4 19 1001.3 1005.7 1008.2
2013  4 20 1023.4 1027.4 1027.7
2013  4 21 1028.1 1024.8 1022.0
2013  4 22 1018.2 1014.2 1009.9
2013  4 23  999.7  997.8  999.0
2013  4 24 1007.1 1010.1 1008.1
2013  4 25 1014.1 1016.3 1013.9
2013  4 26 1004.9 1003.0 1004.0
2013  4 27 1005.7 1007.0 1008.9
2013  4 28 1010.1 1011.0 1010.5
2013  4 29 1009.6 1006.8 1004.0
2013  4 30 1004.9 1007.4 1011.2
2013  5  1 1022.0 1023.0 1020.7
2013  5  2 1017.7 1017.2 1019.1
2013  5  3 1020.5 1017.6 1015.1
2013  5  4 1012.5 1010.6 1008.6
2013  5  5 1009.3 1014.5 1018.4
2013  5  6 1022.7 1021.4 1020.0
2013  5  7 1019.6 1019.6 1020.5
2013  5  8 1022.6 1021.5 1017.8
2013  5  9 1010.0 1009.0 1007.7
2013  5 10 1007.8 1008.6 1007.4
2013  5 11 1009.3 1010.6 1010.6
2013  5 12 1009.2 1008.8 1009.6
2013  5 13 1008.9 1006.4 1006.0
2013  5 14 1004.4 1006.5 1008.6
2013  5 15 1015.3 1015.7 1015.0
2013  5 16 1014.9 1015.4 1014.9
2013  5 17 1014.3 1014.7 1014.6
2013  5 18 1015.5 1016.7 1015.2
2013  5 19 1012.9 1012.3 1012.4
2013  5 20 1013.9 1013.1 1012.4
2013  5 21 1008.2 1006.9 1005.2
2013  5 22 1000.5 1001.3 1001.0
2013  5 23 1003.2 1004.9 1007.7
2013  5 24 1010.7 1011.4 1011.5
2013  5 25 1011.2 1010.3 1009.9
2013  5 26 1007.9 1009.5 1009.1
2013  5 27 1013.8 1014.3 1013.7
2013  5 28 1013.0 1013.2 1012.4
2013  5 29 1010.3 1010.5 1011.2
2013  5 30 1009.7 1011.1 1011.6
2013  5 31 1012.2 1012.0 1011.4
2013  6  1 1011.4 1012.0 1011.3
2013  6  2 1012.7 1013.0 1013.8
2013  6  3 1015.6 1016.1 1020.1
2013  6  4 1020.4 1019.9 1019.5
2013  6  5 1022.3 1022.7 1023.1
2013  6  6 1024.0 1023.2 1021.3
2013  6  7 1020.5 1018.1 1015.6
2013  6  8 1013.2 1011.3 1010.0
2013  6  9 1008.6 1009.5 1007.7
2013  6 10 1007.6 1006.9 1006.9
2013  6 11 1010.0 1012.2 1012.6
2013  6 12 1014.6 1015.4 1015.1
2013  6 13 1012.4 1009.6 1004.7
2013  6 14 1003.8 1002.9 1004.2
2013  6 15 1010.3 1011.1 1010.3
2013  6 16 1005.0 1005.3 1005.2
2013  6 17 1008.6 1012.1 1013.3
2013  6 18 1014.1 1016.7 1018.4
2013  6 19 1020.6 1020.3 1018.2
2013  6 20 1013.2 1014.1 1014.6
2013  6 21 1014.3 1012.4 1008.3
2013  6 22 1005.1 1006.9 1007.5
2013  6 23 1009.8 1010.4 1010.3
2013  6 24 1013.0 1014.0 1014.4
2013  6 25 1016.5 1016.3 1016.1
2013  6 26 1012.9 1011.0 1010.8
2013  6 27 1014.8 1016.3 1016.7
2013  6 28 1019.1 1019.0 1016.8
2013  6 29 1013.0 1010.8 1009.7
2013  6 30 1010.0 1011.2 1010.9
2013  7  1 1009.8 1008.8 1008.5
2013  7  2 1009.1 1010.3 1011.0
2013  7  3 1013.9 1014.6 1015.6
2013  7  4 1017.9 1018.3 1017.3
2013  7  5 1017.9 1018.7 1018.7
2013  7  6 1024.8 1027.3 1026.8
2013  7  7 1027.1 1025.4 1023.1
2013  7  8 1027.4 1029.1 1027.7
2013  7  9 1025.3 1019.2 1013.4
2013  7 10 1009.9 1012.8 1013.9
2013  7 11 1016.6 1017.6 1017.4
2013  7 12 1018.6 1018.5 1018.0
2013  7 13 1017.9 1015.7 1012.8
2013  7 14 1010.7 1011.7 1012.0
2013  7 15 1010.5 1008.6 1007.1
2013  7 16 1012.0 1012.7 1012.5
2013  7 17 1016.2 1016.6 1015.4
2013  7 18 1013.3 1011.5 1010.3
2013  7 19 1011.3 1013.4 1015.9
2013  7 20 1017.8 1018.0 1017.1
2013  7 21 1017.9 1018.8 1018.4
2013  7 22 1020.4 1019.7 1019.5
2013  7 23 1016.3 1016.8 1016.0
2013  7 24 1016.2 1015.0 1015.1
2013  7 25 1015.7 1014.6 1014.8
2013  7 26 1014.0 1012.9 1011.9
2013  7 27 1011.7 1011.3 1011.1
2013  7 28 1013.3 1013.9 1013.8
2013  7 29 1012.9 1012.5 1011.9
2013  7 30 1007.7 1004.7 1003.7
2013  7 31 1006.9 1006.7 1007.0
2013  8  1 1008.5 1009.6 1011.8
2013  8  2 1015.1 1015.6 1015.6
2013  8  3 1016.5 1016.3 1016.1
2013  8  4 1017.8 1017.8 1017.3
2013  8  5 1019.9 1019.5 1019.1
2013  8  6 1018.3 1016.5 1013.4
2013  8  7 1011.9 1012.3 1012.7
2013  8  8 1013.9 1013.7 1011.4
2013  8  9 1007.2 1010.8 1012.8
2013  8 10 1014.0 1013.4 1011.9
2013  8 11 1008.3 1005.8 1003.8
2013  8 12 1003.9 1003.4 1003.6
2013  8 13 1005.0 1004.8 1004.8
2013  8 14 1005.1 1007.8 1010.1
2013  8 15 1014.0 1015.1 1015.7
2013  8 16 1017.8 1016.6 1014.9
2013  8 17 1011.0 1011.4 1011.0
2013  8 18 1009.8 1008.2 1005.2
2013  8 19 1009.5 1011.5 1013.7
2013  8 20 1018.6 1018.4 1018.5
2013  8 21 1019.3 1018.6 1017.9
2013  8 22 1018.2 1020.8 1022.8
2013  8 23 1025.6 1025.3 1025.0
2013  8 24 1025.7 1024.7 1023.6
2013  8 25 1024.6 1024.3 1023.8
2013  8 26 1024.9 1024.2 1022.7
2013  8 27 1022.2 1020.3 1018.3
2013  8 28 1016.8 1015.2 1015.0
2013  8 29 1016.0 1015.2 1014.8
2013  8 30 1014.7 1014.8 1014.3
2013  8 31 1009.7 1008.2 1006.8
2013  9  1 1004.3 1005.5 1004.3
2013  9  2  999.1 1000.4 1006.6
2013  9  3 1016.4 1018.8 1019.9
2013  9  4 1023.0 1023.2 1023.5
2013  9  5 1023.6 1022.4 1021.6
2013  9  6 1021.7 1021.6 1021.7
2013  9  7 1024.4 1024.8 1025.1
2013  9  8 1026.5 1025.4 1023.9
2013  9  9 1021.2 1019.2 1017.3
2013  9 10 1014.7 1014.2 1014.2
2013  9 11 1014.1 1014.4 1015.2
2013  9 12 1016.3 1016.4 1016.6
2013  9 13 1017.1 1017.6 1017.5
2013  9 14 1016.6 1015.7 1014.9
2013  9 15 1010.1 1007.2 1003.9
2013  9 16  996.6  996.7  996.6
2013  9 17  998.5  999.4  998.1
2013  9 18  997.5  998.4 1000.0
2013  9 19 1001.3 1002.2 1004.6
2013  9 20 1007.7 1009.2 1011.6
2013  9 21 1014.4 1014.8 1014.3
2013  9 22 1011.9 1008.4 1006.9
2013  9 23 1008.2 1007.6 1008.6
2013  9 24 1009.9 1011.6 1013.7
2013  9 25 1014.0 1013.9 1013.6
2013  9 26 1012.1 1011.5 1011.6
2013  9 27 1009.6 1009.4 1010.8
2013  9 28 1014.9 1018.7 1021.3
2013  9 29 1023.6 1023.6 1023.2
2013  9 30 1022.3 1022.8 1023.6
2013 10  1 1026.0 1026.3 1027.0
2013 10  2 1029.9 1030.1 1029.9
2013 10  3 1031.1 1030.7 1029.9
2013 10  4 1028.3 1025.5 1022.0
2013 10  5 1014.9 1011.8 1009.8
2013 10  6 1015.5 1015.8 1014.7
2013 10  7 1014.4 1015.8 1016.8
2013 10  8 1016.9 1015.5 1013.8
2013 10  9 1005.4 1003.7 1003.3
2013 10 10 1005.5 1010.9 1017.4
2013 10 11 1026.5 1028.6 1030.3
2013 10 12 1032.4 1031.7 1030.2
2013 10 13 1025.2 1024.1 1024.4
2013 10 14 1023.0 1021.5 1018.9
2013 10 15 1011.8 1009.7 1009.0
2013 10 16 1011.6 1012.0 1011.3
2013 10 17 1004.8 1002.2  998.8
2013 10 18 1004.5 1011.9 1014.6
2013 10 19 1014.3 1015.5 1016.0
2013 10 20 1015.0 1015.7 1017.3
2013 10 21 1018.9 1019.3 1020.4
2013 10 22 1017.8 1014.0 1008.6
2013 10 23 1001.0  998.9 1000.0
2013 10 24  997.6  998.8 1000.1
2013 10 25 1008.3 1012.4 1013.0
2013 10 26 1000.5  997.6  997.3
2013 10 27  998.2  995.6  990.3
2013 10 28  986.1  985.8  975.4
2013 10 29  986.3  991.5  994.8
2013 10 30 1002.6 1006.5 1009.7
2013 10 31 1014.0 1012.2 1009.7
2013 11  1 1006.0 1003.3 1002.5
2013 11  2 1001.7 1000.7  999.9
2013 11  3  998.6  995.2  990.5
2013 11  4  986.6  986.6  985.5
2013 11  5  975.7  981.6  985.4
2013 11  6  989.0  991.1  994.2
2013 11  7  996.5  996.7  996.5
2013 11  8  998.8 1001.7 1003.8
2013 11  9 1005.8 1001.3  992.5
2013 11 10  993.3 1000.7 1007.3
2013 11 11 1019.5 1023.8 1024.5
2013 11 12 1016.3 1012.7 1010.3
2013 11 13 1009.6 1010.1 1013.5
2013 11 14 1015.0 1016.4 1018.1
2013 11 15 1019.6 1017.6 1010.6
2013 11 16 1006.6 1007.4 1005.6
2013 11 17 1008.1 1016.3 1021.0
2013 11 18 1016.7 1012.9 1007.3
2013 11 19  998.4  999.3 1001.3
2013 11 20 1006.3 1007.8 1007.4
2013 11 21 1003.7 1003.8 1006.5
2013 11 22 1013.7 1015.8 1017.6
2013 11 23 1015.7 1014.4 1010.5
2013 11 24 1010.3 1011.8 1013.3
2013 11 25 1018.1 1022.0 1025.3
2013 11 26 1026.8 1024.1 1019.2
2013 11 27 1010.5 1006.3 1002.4
2013 11 28  999.3  999.6 1005.4
2013 11 29 1011.0 1008.5 1007.0
2013 11 30 1008.4 1009.3 1009.9
2013 12  1  994.1  995.3 1009.8
2013 12  2 1027.6 1026.8 1023.0
2013 12  3 1011.8 1010.2 1011.4
2013 12  4 1003.4 1003.2 1001.5
2013 12  5  993.6  986.4  971.6
2013 12  6  966.3  975.2  984.1
2013 12  7  997.5 1001.7 1007.1
2013 12  8 1013.9 1012.0 1008.0
2013 12  9 1014.6 1021.3 1027.0
2013 12 10 1026.6 1024.0 1021.4
2013 12 11 1020.2 1019.4 1019.2
2013 12 12 1016.3 1012.1 1003.1
2013 12 13 1014.9 1020.9 1023.3
2013 12 14 1022.1 1020.4 1016.7
2013 12 15 1015.1 1012.3 1013.2
2013 12 16 1014.5 1010.1 1006.8
2013 12 17 1011.1 1012.3 1014.8
2013 12 18 1019.4 1019.6 1017.5
2013 12 19 1008.9 1006.6 1002.6
2013 12 20 1008.7 1011.2 1010.5
2013 12 21 1009.6 1004.9 1002.9
2013 12 22  998.3  996.5  996.4
2013 12 23  992.7  995.7 1000.4
2013 12 24  994.2  990.0  989.2
2013 12 25  990.4  988.9  988.8
2013 12 26  997.3 1001.4 1002.8
2013 12 27  996.5  994.9  995.8
2013 12 28  994.9  995.7  995.5
2013 12 29 1000.4 1001.4 1001.5
2013 12 30 1008.4 1014.1 1016.6
2013 12 31 1014.1 1014.1 1014.3
2014  1  1 1014.6 1014.6 1013.1
2014  1  2 1011.2 1010.7 1009.5
2014  1  3 1007.2 1006.8 1005.7
2014  1  4  999.4  999.3 1002.8
2014  1  5 1007.1 1007.2 1006.5
2014  1  6 1004.8 1005.3 1002.1
2014  1  7 1000.5  999.7 1001.4
2014  1  8  999.4 1000.1  998.9
2014  1  9 1000.2  998.6  992.5
2014  1 10  984.4  992.6  999.4
2014  1 11 1000.7 1000.7 1000.9
2014  1 12 1004.8 1006.1 1009.0
2014  1 13 1015.5 1016.1 1016.9
2014  1 14 1016.8 1017.9 1018.3
2014  1 15 1017.2 1017.7 1018.4
2014  1 16 1020.1 1021.2 1020.3
2014  1 17 1019.2 1018.7 1019.0
2014  1 18 1021.4 1024.0 1026.5
2014  1 19 1029.7 1030.9 1031.0
2014  1 20 1029.6 1029.0 1028.0
2014  1 21 1025.9 1026.3 1027.0
2014  1 22 1027.8 1028.1 1028.5
2014  1 23 1028.5 1029.5 1030.0
2014  1 24 1031.4 1033.0 1034.0
2014  1 25 1032.7 1031.1 1029.2
2014  1 26 1026.0 1024.4 1020.3
2014  1 27 1013.2 1013.6 1015.1
2014  1 28 1017.5 1021.4 1025.0
2014  1 29 1028.7 1029.8 1029.4
2014  1 30 1029.2 1029.5 1028.9
2014  1 31 1026.3 1023.5 1017.1
2014  2  1 1009.9 1010.0 1008.7
2014  2  2 1009.9 1012.3 1014.7
2014  2  3 1018.4 1021.0 1022.8
2014  2  4 1020.3 1017.0 1013.9
2014  2  5 1009.9 1008.6 1006.2
2014  2  6 1001.3 1000.3 1000.7
2014  2  7  999.8  997.3  990.6
2014  2  8  985.9  990.0  993.9
2014  2  9  991.9  990.4  993.1
2014  2 10  996.4  999.1 1001.5
2014  2 11 1003.9 1003.8 1001.7
2014  2 12  998.7 1000.6 1001.7
2014  2 13 1000.1  996.5  995.4
2014  2 14 1000.7 1003.2 1004.9
2014  2 15 1004.7 1001.3  995.6
2014  2 16  989.6  988.3  987.7
2014  2 17  991.0  995.2  999.2
2014  2 18 1006.3 1008.0 1008.2
2014  2 19 1006.9 1006.7 1006.5
2014  2 20 1006.5 1008.4 1009.5
2014  2 21 1005.4 1001.1  999.2
2014  2 22 1001.4 1004.1 1004.9
2014  2 23 1010.1 1012.0 1012.7
2014  2 24 1014.4 1016.9 1016.8
2014  2 25 1018.7 1020.7 1020.7
2014  2 26 1020.9 1022.0 1021.8
2014  2 27 1019.3 1018.1 1016.7
2014  2 28 1013.9 1013.1 1012.6
2014  3  1 1010.6 1010.2 1010.0
2014  3  2 1008.6 1007.7 1005.3
2014  3  3 1004.9 1007.2 1008.9
2014  3  4 1011.6 1013.7 1015.9
2014  3  5 1019.5 1021.5 1023.2
2014  3  6 1024.4 1023.2 1023.0
2014  3  7 1019.9 1018.3 1012.4
2014  3  8 1014.8 1021.5 1025.5
2014  3  9 1021.2 1019.4 1018.3
2014  3 10 1018.4 1017.6 1020.8
2014  3 11 1030.7 1032.8 1032.2
2014  3 12 1027.9 1025.3 1022.9
2014  3 13 1020.0 1016.0 1011.3
2014  3 14 1014.6 1011.2  998.9
2014  3 15  978.2  989.2  991.7
2014  3 16  988.5  992.8  995.8
2014  3 17  983.6  989.3  997.2
2014  3 18  999.9  998.1  999.3
2014  3 19 1002.6 1000.6  993.2
2014  3 20 1005.3 1001.7  996.8
2014  3 21  987.2  992.5  995.7
2014  3 22  999.5 1001.3 1000.2
2014  3 23  996.8  998.0 1001.4
2014  3 24 1007.7 1009.5 1011.5
2014  3 25 1015.9 1016.1 1018.0
2014  3 26 1025.6 1028.1 1028.5
2014  3 27 1027.2 1026.9 1027.4
2014  3 28 1030.7 1031.4 1031.6
2014  3 29 1030.0 1026.5 1023.7
2014  3 30 1021.2 1019.2 1017.4
2014  3 31 1015.2 1015.2 1014.0
2014  4  1 1015.3 1018.1 1018.7
2014  4  2 1017.9 1014.5 1011.7
2014  4  3 1009.1 1011.0 1013.4
2014  4  4 1019.4 1020.6 1020.4
2014  4  5 1019.9 1017.0 1013.4
2014  4  6 1008.5 1009.2 1010.7
2014  4  7 1008.2 1005.5 1007.0
2014  4  8 1009.6 1008.2 1005.9
2014  4  9 1006.3 1011.4 1017.0
2014  4 10 1021.7 1021.4 1019.8
2014  4 11 1014.3 1012.8 1011.6
2014  4 12 1011.3 1008.2 1005.3
2014  4 13  997.6  994.9  994.1
2014  4 14  993.3  995.5  999.8
2014  4 15 1011.3 1017.0 1021.2
2014  4 16 1026.8 1025.5 1022.0
2014  4 17 1015.8 1010.2 1004.1
2014  4 18 1005.4 1013.1 1019.0
2014  4 19 1025.9 1025.9 1024.3
2014  4 20 1025.0 1024.2 1023.1
2014  4 21 1022.0 1020.6 1019.6
2014  4 22 1020.6 1020.9 1023.0
2014  4 23 1029.9 1032.1 1032.8
2014  4 24 1034.2 1032.9 1029.9
2014  4 25 1027.3 1024.7 1022.6
2014  4 26 1021.1 1018.6 1016.4
2014  4 27 1015.2 1014.5 1014.4
2014  4 28 1012.7 1010.6 1009.3
2014  4 29 1008.6 1010.6 1010.6
2014  4 30 1011.2 1008.8 1005.0
2014  5  1 1005.0 1011.4 1014.3
2014  5  2 1018.1 1019.4 1019.5
2014  5  3 1019.5 1016.2 1013.5
2014  5  4 1014.3 1015.7 1017.6
2014  5  5 1017.6 1017.7 1018.7
2014  5  6 1019.8 1018.1 1016.8
2014  5  7 1012.4 1010.7 1008.4
2014  5  8 1004.4 1006.5 1006.7
2014  5  9 1003.8 1003.4 1004.0
2014  5 10 1004.4 1004.4 1003.0
2014  5 11  998.9  997.5  996.9
2014  5 12 1000.1 1002.8 1003.7
2014  5 13 1004.2 1005.5 1006.9
2014  5 14 1014.9 1020.6 1025.5
2014  5 15 1031.6 1031.5 1029.6
2014  5 16 1026.2 1025.0 1024.3
2014  5 17 1023.3 1020.7 1019.8
2014  5 18 1019.6 1019.2 1017.6
2014  5 19 1017.2 1014.6 1013.2
2014  5 20 1015.5 1015.6 1015.6
2014  5 21 1016.3 1015.6 1015.5
2014  5 22 1017.3 1017.9 1016.8
2014  5 23 1015.4 1015.0 1013.9
2014  5 24 1012.3 1012.0 1011.0
2014  5 25 1013.1 1013.0 1014.5
2014  5 26 1017.9 1018.5 1022.3
2014  5 27 1024.5 1025.1 1025.3
2014  5 28 1023.7 1023.6 1022.3
2014  5 29 1018.5 1017.1 1015.4
2014  5 30 1011.5 1011.8 1012.2
2014  5 31 1011.0 1012.6 1015.1
2014  6  1 1019.3 1020.0 1021.0
2014  6  2 1022.5 1021.7 1021.1
2014  6  3 1018.0 1016.3 1013.9
2014  6  4 1015.2 1016.4 1016.4
2014  6  5 1012.3 1013.0 1014.2
2014  6  6 1016.7 1017.0 1016.4
2014  6  7 1015.7 1014.8 1013.2
2014  6  8 1013.6 1014.7 1014.8
2014  6  9 1014.6 1014.3 1016.1
2014  6 10 1020.9 1021.6 1021.8
2014  6 11 1022.7 1021.0 1018.6
2014  6 12 1012.3 1011.8 1011.0
2014  6 13 1007.1 1008.2 1010.9
2014  6 14 1013.5 1016.3 1017.1
2014  6 15 1018.1 1016.4 1015.0
2014  6 16 1014.3 1014.5 1016.2
2014  6 17 1017.4 1015.9 1014.3
2014  6 18 1011.0 1009.8 1008.8
2014  6 19 1003.4 1001.6 1000.3
2014  6 20 1003.6 1005.3 1005.6
2014  6 21 1005.9 1005.0 1003.9
2014  6 22 1002.3 1004.7 1007.2
2014  6 23 1009.1 1009.6 1009.7
2014  6 24 1012.1 1012.9 1013.8
2014  6 25 1015.4 1015.2 1015.2
2014  6 26 1016.0 1015.7 1016.2
2014  6 27 1017.8 1017.4 1017.7
2014  6 28 1016.5 1015.3 1012.2
2014  6 29 1005.7 1005.3 1005.0
2014  6 30 1006.1 1007.6 1009.0
2014  7  1 1011.4 1012.0 1012.9
2014  7  2 1012.3 1011.2 1011.0
2014  7  3 1009.9 1010.2 1008.6
2014  7  4 1011.7 1011.8 1011.4
2014  7  5 1012.3 1012.3 1012.7
2014  7  6 1014.0 1014.9 1015.8
2014  7  7 1017.4 1018.1 1018.9
2014  7  8 1019.1 1018.8 1018.0
2014  7  9 1018.5 1018.2 1017.4
2014  7 10 1017.5 1018.5 1020.1
2014  7 11 1022.7 1022.4 1020.6
2014  7 12 1018.8 1017.5 1015.3
2014  7 13 1008.7 1006.8 1006.3
2014  7 14 1008.8 1009.7 1009.2
2014  7 15 1009.1 1010.4 1011.8
2014  7 16 1013.1 1014.7 1015.3
2014  7 17 1019.2 1019.1 1018.6
2014  7 18 1019.4 1018.8 1018.0
2014  7 19 1019.1 1018.9 1019.0
2014  7 20 1020.0 1018.6 1018.5
2014  7 21 1019.6 1019.5 1020.6
2014  7 22 1023.9 1024.1 1024.2
2014  7 23 1026.0 1024.7 1022.6
2014  7 24 1022.5 1021.7 1021.3
2014  7 25 1022.4 1021.7 1020.5
2014  7 26 1020.7 1019.4 1018.2
2014  7 27 1017.8 1018.0 1015.2
2014  7 28 1014.1 1012.9 1011.5
2014  7 29 1010.6 1009.6 1008.4
2014  7 30 1007.2 1006.5 1005.1
2014  7 31 1003.6 1004.2 1005.6
2014  8  1 1010.5 1011.4 1012.6
2014  8  2 1017.3 1017.4 1017.9
2014  8  3 1016.2 1015.5 1014.3
2014  8  4 1014.1 1014.0 1012.9
2014  8  5 1013.9 1013.3 1013.0
2014  8  6 1011.9 1012.6 1013.2
2014  8  7 1011.3 1012.6 1012.0
2014  8  8 1013.4 1012.8 1011.7
2014  8  9 1011.6 1010.4 1009.6
2014  8 10 1012.0 1012.5 1011.0
2014  8 11 1005.6 1001.7 1003.1
2014  8 12 1005.4 1004.3 1003.3
2014  8 13 1004.3 1003.3 1003.3
2014  8 14 1002.5 1001.8 1002.8
2014  8 15 1003.8 1003.0 1003.3
2014  8 16 1003.7 1004.0 1003.7
2014  8 17 1001.4 1000.2  998.1
2014  8 18  993.3  993.3  993.0
2014  8 19  993.0  995.0  996.6
2014  8 20  996.6  996.3  998.0
2014  8 21 1002.5 1004.1 1004.3
2014  8 22 1006.0 1006.8 1007.1
2014  8 23 1005.4 1004.3 1003.7
2014  8 24 1005.3 1006.1 1006.9
2014  8 25 1005.9 1005.4 1005.4
2014  8 26 1002.3 1002.0 1002.2
2014  8 27 1004.4 1005.6 1007.9
2014  8 28 1010.1 1011.1 1013.2
2014  8 29 1015.0 1014.9 1015.7
2014  8 30 1017.2 1017.7 1018.5
2014  8 31 1020.6 1021.5 1022.0
2014  9  1 1023.5 1023.8 1023.4
2014  9  2 1024.2 1024.0 1024.6
2014  9  3 1027.0 1027.5 1027.3
2014  9  4 1028.0 1026.6 1024.9
2014  9  5 1023.1 1021.1 1019.2
2014  9  6 1018.0 1017.6 1017.6
2014  9  7 1018.2 1017.9 1017.4
2014  9  8 1015.4 1013.4 1011.3
2014  9  9 1009.1 1009.3 1010.0
2014  9 10 1014.1 1017.8 1020.6
2014  9 11 1023.2 1023.2 1023.3
2014  9 12 1024.4 1025.0 1026.5
2014  9 13 1028.3 1029.2 1030.1
2014  9 14 1031.2 1031.3 1031.0
2014  9 15 1031.9 1031.2 1029.8
2014  9 16 1029.5 1028.8 1028.0
2014  9 17 1027.5 1026.3 1025.6
2014  9 18 1024.8 1023.5 1022.9
2014  9 19 1020.9 1019.1 1018.0
2014  9 20 1016.0 1014.1 1012.5
2014  9 21 1008.2 1005.8 1002.2
2014  9 22  999.6 1006.7 1011.0
2014  9 23 1013.3 1014.1 1014.4
2014  9 24 1009.7 1004.4 1003.9
2014  9 25  999.7 1000.4 1005.2
2014  9 26 1009.2 1005.2  999.8
2014  9 27 1006.4 1010.4 1012.8
2014  9 28 1013.4 1011.8 1012.8
2014  9 29 1014.0 1015.7 1018.7
2014  9 30 1025.1 1027.1 1029.2
2014 10  1 1031.5 1030.8 1029.2
2014 10  2 1027.4 1027.8 1028.4
2014 10  3 1027.6 1026.6 1026.0
2014 10  4 1026.1 1026.4 1026.8
2014 10  5 1027.3 1028.6 1030.8
2014 10  6 1033.5 1033.5 1032.0
2014 10  7 1025.5 1021.1 1015.3
2014 10  8 1000.7 1006.0 1007.6
2014 10  9 1005.5 1003.5 1003.7
2014 10 10 1005.4 1006.3 1008.2
2014 10 11 1013.4 1015.3 1015.9
2014 10 12 1013.2 1011.3 1008.3
2014 10 13 1011.9 1013.5 1012.9
2014 10 14 1010.9 1011.1 1012.2
2014 10 15 1014.1 1014.7 1014.5
2014 10 16 1013.0 1012.8 1013.5
2014 10 17 1015.1 1017.3 1020.2
2014 10 18 1024.2 1023.5 1019.7
2014 10 19 1004.4 1001.8  998.4
2014 10 20  993.3  994.7 1000.3
2014 10 21 1005.3 1005.5 1006.6
2014 10 22 1014.0 1018.7 1021.8
2014 10 23 1026.0 1026.7 1026.0
2014 10 24 1023.1 1021.7 1019.2
2014 10 25 1015.8 1015.1 1015.5
2014 10 26 1014.5 1013.0 1012.4
2014 10 27 1008.3 1010.5 1012.0
2014 10 28 1010.7 1010.7 1008.2
2014 10 29 1004.0 1005.9 1012.9
2014 10 30 1018.1 1019.9 1022.4
2014 10 31 1024.3 1025.2 1025.4
2014 11  1 1023.5 1021.7 1017.9
2014 11  2 1009.9 1007.4 1005.2
2014 11  3  998.2  994.3  995.8
2014 11  4  992.5  990.1  991.8
2014 11  5 1005.5 1010.7 1013.5
2014 11  6 1013.8 1012.2 1011.4
2014 11  7 1012.2 1011.4 1011.5
2014 11  8 1013.2 1013.2 1013.1
2014 11  9 1015.7 1017.6 1018.3
2014 11 10 1014.3 1011.0 1009.6
2014 11 11 1009.6 1013.1 1016.5
2014 11 12 1020.0 1021.8 1022.1
2014 11 13 1022.6 1024.5 1026.1
2014 11 14 1026.9 1026.9 1026.5
2014 11 15 1025.2 1024.8 1023.9
2014 11 16 1022.5 1022.6 1023.0
2014 11 17 1023.6 1023.9 1025.2
2014 11 18 1026.3 1027.0 1027.9
2014 11 19 1028.7 1030.1 1030.9
2014 11 20 1031.8 1031.6 1030.6
2014 11 21 1027.8 1027.4 1026.0
2014 11 22 1025.3 1026.3 1026.9
2014 11 23 1029.4 1030.6 1028.4
2014 11 24 1017.2 1013.6 1011.3
2014 11 25 1017.1 1021.3 1023.5
2014 11 26 1024.6 1025.1 1024.7
2014 11 27 1023.9 1024.5 1025.5
2014 11 28 1029.3 1032.1 1033.7
2014 11 29 1034.2 1033.8 1033.1
2014 11 30 1030.8 1030.4 1030.5
2014 12  1 1029.8 1029.3 1027.2
2014 12  2 1021.8 1019.7 1019.6
2014 12  3 1021.2 1021.4 1020.2
2014 12  4 1020.4 1022.7 1023.4
2014 12  5 1021.7 1018.3 1015.2
2014 12  6 1010.2 1011.9 1013.7
2014 12  7 1009.6 1006.1 1002.4
2014 12  8 1001.5 1003.6 1005.9
2014 12  9 1013.0 1016.4 1016.4
2014 12 10 1004.8  997.7  995.4
2014 12 11  994.5  994.2  992.6
2014 12 12  991.1  991.3  986.4
2014 12 13  982.5  989.2  992.0
2014 12 14 1002.5 1006.0 1005.6
2014 12 15 1000.4  997.7  996.0
2014 12 16  999.5  999.0  995.5
2014 12 17  994.3  995.0  997.6
2014 12 18  997.0  994.3  992.0
2014 12 19  984.9  985.4  984.9
2014 12 20  985.5  987.1  991.6
2014 12 21 1003.0 1003.9 1001.8
2014 12 22  988.4  985.1  987.0
2014 12 23  989.5  990.0  991.1
2014 12 24  996.5  996.8  998.0
2014 12 25 1011.8 1016.6 1018.9
2014 12 26 1018.3 1017.2 1015.3
2014 12 27 1012.8 1014.0 1015.9
2014 12 28 1019.5 1021.4 1023.9
2014 12 29 1025.8 1026.5 1024.9
2014 12 30 1019.0 1018.2 1016.0
2014 12 31 1015.0 1015.8 1015.2
2015  1  1 1012.0 1008.9 1006.4
2015  1  2  984.6  980.0  986.0
2015  1  3  987.7  990.6  992.6
2015  1  4 1000.9 1007.6 1012.1
2015  1  5 1017.5 1021.4 1025.3
2015  1  6 1028.1 1027.9 1024.8
2015  1  7 1018.3 1015.9 1013.8
2015  1  8 1004.6  999.9  999.7
2015  1  9  993.5  988.3  989.0
2015  1 10  991.8  981.0  964.3
2015  1 11  965.9  978.0  988.4
2015  1 12  997.8  990.9  982.6
2015  1 13  989.2  992.3  989.2
2015  1 14  991.1  992.6  994.6
2015  1 15 1001.9 1001.1  994.8
2015  1 16  988.5  989.6  992.8
2015  1 17  997.1  997.0  997.2
2015  1 18 1005.6 1009.2 1011.6
2015  1 19 1017.0 1019.7 1021.1
2015  1 20 1023.2 1023.9 1023.4
2015  1 21 1020.8 1021.0 1021.5
2015  1 22 1021.3 1021.2 1020.2
2015  1 23 1019.8 1020.8 1021.4
2015  1 24 1015.6 1013.4 1013.3
2015  1 25 1015.2 1018.3 1020.5
2015  1 26 1015.6 1011.0 1006.8
2015  1 27 1005.4 1007.2 1008.3
2015  1 28  999.0  993.4  987.2
2015  1 29  973.4  974.5  977.5
2015  1 30  980.1  982.0  982.3
2015  1 31  976.9  976.0  975.0
2015  2  1  972.2  974.2  977.9
2015  2  2  983.3  985.3  988.1
2015  2  3  994.7  999.0 1002.8
2015  2  4 1009.6 1013.6 1018.1
2015  2  5 1024.7 1027.4 1027.0
2015  2  6 1021.0 1021.1 1021.2
2015  2  7 1008.2 1001.0  998.9
2015  2  8 1006.1 1010.3 1009.2
2015  2  9 1003.9 1007.4 1009.5
2015  2 10 1013.3 1015.1 1016.6
2015  2 11 1018.8 1018.3 1016.8
2015  2 12 1014.0 1014.9 1017.6
2015  2 13 1018.1 1017.1 1015.9
2015  2 14 1015.5 1017.8 1023.0
2015  2 15 1034.0 1037.6 1038.3
2015  2 16 1036.0 1034.4 1032.1
2015  2 17 1027.8 1026.2 1023.0
2015  2 18 1019.7 1019.1 1015.2
2015  2 19 1009.2 1007.4 1007.5
2015  2 20 1001.8 1000.1  997.6
2015  2 21  995.2  993.8  991.1
2015  2 22  990.7  995.8  997.8
2015  2 23  999.1  996.4  993.0
2015  2 24  996.4  999.4 1002.6
2015  2 25 1008.4 1012.1 1016.0
2015  2 26 1020.1 1020.1 1019.5
2015  2 27 1016.8 1015.7 1015.1
2015  2 28 1013.1 1011.9 1010.8
2015  3  1 1004.6  999.1  994.4
2015  3  2  991.3  991.9  993.9
2015  3  3  996.7  998.8 1001.1
2015  3  4 1004.7 1008.7 1013.5
2015  3  5 1022.4 1025.6 1026.0
2015  3  6 1019.0 1019.3 1021.8
2015  3  7 1017.8 1012.0 1010.9
2015  3  8 1006.5 1006.1 1008.1
2015  3  9 1014.8 1018.8 1022.0
2015  3 10 1013.4 1007.1 1007.2
2015  3 11 1018.8 1027.3 1031.7
2015  3 12 1035.8 1036.9 1038.3
2015  3 13 1040.7 1040.5 1039.7
2015  3 14 1040.6 1041.3 1042.8
2015  3 15 1044.7 1045.6 1046.4
2015  3 16 1046.6 1046.4 1045.7
2015  3 17 1043.7 1042.5 1041.3
2015  3 18 1037.7 1035.9 1033.3
2015  3 19 1028.9 1025.9 1023.2
2015  3 20 1019.8 1017.9 1015.1
2015  3 21 1018.8 1023.4 1026.5
2015  3 22 1025.4 1019.5 1015.1
2015  3 23 1004.9 1000.2  998.5
2015  3 24  999.9 1004.5 1009.8
2015  3 25 1020.0 1022.2 1022.8
2015  3 26 1018.5 1014.6 1012.0
2015  3 27 1006.7 1006.9 1009.6
2015  3 28 1011.5 1011.9 1010.4
2015  3 29  999.6  992.1  985.8
2015  3 30  980.9  979.2  979.7
2015  3 31  981.0  983.1  985.5
2015  4  1  989.0  990.9  994.1
2015  4  2  995.8  998.4 1001.8
2015  4  3 1007.2 1009.4 1011.7
2015  4  4 1013.8 1014.9 1016.0
2015  4  5 1016.8 1018.9 1022.4
2015  4  6 1027.9 1028.0 1025.2
2015  4  7 1017.6 1016.9 1017.9
2015  4  8 1020.5 1025.1 1027.3
2015  4  9 1021.5 1017.0 1015.5
2015  4 10 1014.7 1013.0 1013.7
2015  4 11 1015.0 1013.1 1009.8
2015  4 12 1002.9 1005.2 1008.3
2015  4 13 1005.0 1007.3 1011.7
2015  4 14 1013.5 1009.2 1003.6
2015  4 15 1002.7  999.2  994.5
2015  4 16  996.9  998.6 1000.9
2015  4 17 1007.9 1013.8 1018.2
2015  4 18 1020.5 1018.6 1019.3
2015  4 19 1020.4 1017.4 1016.1
2015  4 20 1022.2 1022.7 1019.6
2015  4 21 1022.9 1023.2 1021.9
2015  4 22 1021.0 1018.4 1012.9
2015  4 23 1002.1 1002.2 1001.0
2015  4 24 1002.7 1003.5 1004.2
2015  4 25 1006.2 1004.2 1001.7
2015  4 26 1000.1 1001.3 1002.7
2015  4 27 1004.6 1003.5 1002.8
2015  4 28 1006.4 1008.7 1009.9
2015  4 29 1008.2 1007.9 1011.4
2015  4 30 1015.6 1013.9 1011.8
2015  5  1 1007.7 1005.8 1002.8
2015  5  2  999.8 1003.4 1007.6
2015  5  3 1012.5 1013.5 1013.1
2015  5  4 1013.2 1010.9 1009.9
2015  5  5 1011.1 1011.7 1009.8
2015  5  6 1000.2 1003.8 1006.6
2015  5  7 1006.8 1005.4 1006.0
2015  5  8 1009.3 1009.1 1010.0
2015  5  9 1015.6 1015.9 1015.4
2015  5 10 1011.3 1012.2 1016.0
2015  5 11 1022.8 1021.5 1017.6
2015  5 12 1011.0 1007.9 1001.6
2015  5 13  995.4  997.7 1000.5
2015  5 14 1004.1 1005.6 1006.2
2015  5 15 1007.5 1010.5 1012.8
2015  5 16 1014.4 1012.6 1010.6
2015  5 17 1002.5 1003.1 1005.0
2015  5 18 1005.3 1007.7 1008.0
2015  5 19 1006.5 1005.5 1003.6
2015  5 20 1008.5 1010.9 1012.9
2015  5 21 1015.1 1016.0 1017.4
2015  5 22 1018.9 1016.8 1012.9
2015  5 23 1008.7 1011.3 1012.7
2015  5 24 1013.3 1012.6 1011.3
2015  5 25 1009.7 1008.7 1008.7
2015  5 26 1008.4 1007.6 1006.9
2015  5 27 1007.6 1008.4 1009.3
2015  5 28 1009.1 1007.1 1004.4
2015  5 29 1004.4 1005.6 1006.7
2015  5 30 1007.0 1002.9  999.5
2015  5 31 1002.1 1003.9 1005.4
2015  6  1 1001.3 1005.7 1009.7
2015  6  2 1012.7 1008.6 1000.9
2015  6  3  996.7  999.3 1003.3
2015  6  4 1015.4 1018.3 1019.8
2015  6  5 1023.2 1023.1 1022.0
2015  6  6 1019.3 1013.2 1009.8
2015  6  7 1015.3 1015.0 1016.9
2015  6  8 1018.9 1023.3 1025.1
2015  6  9 1029.5 1029.1 1026.8
2015  6 10 1022.6 1018.9 1015.0
2015  6 11 1016.5 1015.2 1013.4
2015  6 12 1012.3 1010.7 1008.2
2015  6 13 1005.7 1004.5 1004.3
2015  6 14  998.8  998.9  998.4
2015  6 15 1006.2 1009.9 1011.2
2015  6 16 1015.1 1015.8 1016.1
2015  6 17 1016.2 1012.4 1009.3
2015  6 18 1001.8 1002.0 1002.2
2015  6 19 1003.3 1005.6 1006.8
2015  6 20 1009.9 1011.6 1012.4
2015  6 21 1013.1 1012.2 1011.5
2015  6 22 1009.6 1008.1 1007.2
2015  6 23 1006.1 1004.7 1003.5
2015  6 24 1002.1 1004.8 1007.0
2015  6 25 1010.2 1011.2 1011.2
2015  6 26 1011.5 1011.9 1011.7
2015  6 27 1010.3 1009.6 1011.6
2015  6 28 1015.2 1014.9 1014.6
2015  6 29 1014.4 1014.0 1013.3
2015  6 30 1014.3 1016.7 1018.7
2015  7  1 1023.5 1024.0 1024.0
2015  7  2 1027.1 1026.9 1026.2
2015  7  3 1027.1 1024.9 1021.9
2015  7  4 1019.7 1019.3 1018.9
2015  7  5 1018.8 1018.5 1017.1
2015  7  6 1011.2 1006.3 1003.7
2015  7  7  999.3  999.8 1000.9
2015  7  8  997.1  993.9  993.7
2015  7  9  993.6  995.0  996.3
2015  7 10  999.2 1002.9 1007.6
2015  7 11 1011.3 1012.1 1012.1
2015  7 12 1010.5 1010.4 1010.0
2015  7 13 1009.1 1008.8 1008.0
2015  7 14 1008.4 1008.4 1008.7
2015  7 15 1009.3 1009.1 1010.7
2015  7 16 1010.3 1010.1 1010.6
2015  7 17 1011.6 1014.6 1014.9
2015  7 18 1010.9 1006.8 1004.6
2015  7 19 1004.7 1004.7 1002.9
2015  7 20 1000.8 1003.4 1006.1
2015  7 21 1008.1 1006.4 1001.8
2015  7 22 1004.6 1005.5 1005.4
2015  7 23 1004.3 1003.6 1004.0
2015  7 24 1008.6 1010.3 1010.8
2015  7 25 1012.3 1010.5 1005.3
2015  7 26  995.9  994.8  994.9
2015  7 27  999.1 1002.3 1003.4
2015  7 28 1002.7 1001.3 1000.4
2015  7 29  998.8  998.3  997.4
2015  7 30  995.7  996.7  998.7
2015  7 31 1004.7 1007.3 1008.3
2015  8  1 1012.8 1014.5 1014.8
2015  8  2 1016.9 1016.3 1015.6
2015  8  3 1018.9 1020.9 1020.9
2015  8  4 1021.8 1020.5 1019.4
2015  8  5 1015.3 1015.2 1015.3
2015  8  6 1017.7 1017.9 1018.2
2015  8  7 1018.6 1018.0 1016.6
2015  8  8 1016.1 1016.5 1016.2
2015  8  9 1018.6 1018.0 1018.1
2015  8 10 1019.7 1019.8 1019.1
2015  8 11 1019.8 1019.2 1019.0
2015  8 12 1019.3 1018.6 1017.9
2015  8 13 1024.4 1025.1 1023.9
2015  8 14 1023.7 1022.4 1019.7
2015  8 15 1018.7 1018.9 1018.8
2015  8 16 1020.4 1022.1 1023.3
2015  8 17 1026.1 1027.3 1026.5
2015  8 18 1027.1 1027.2 1026.9
2015  8 19 1028.1 1028.8 1028.5
2015  8 20 1030.6 1030.1 1029.3
2015  8 21 1030.7 1030.0 1028.6
2015  8 22 1028.3 1027.0 1026.1
2015  8 23 1026.1 1024.8 1023.4
2015  8 24 1020.5 1018.6 1016.8
2015  8 25 1012.0 1010.0 1007.3
2015  8 26 1009.6 1011.4 1012.0
2015  8 27 1010.3 1006.9 1003.9
2015  8 28 1004.3 1005.6 1007.8
2015  8 29 1012.9 1015.2 1016.8
2015  8 30 1018.0 1017.6 1017.5
2015  8 31 1017.9 1017.6 1015.9
2015  9  1 1012.1 1011.1 1009.8
2015  9  2 1005.1 1004.5 1006.7
2015  9  3 1010.6 1012.0 1012.2
2015  9  4 1011.2 1009.1 1005.9
2015  9  5 1001.3 1000.2 1000.0
2015  9  6 1002.6 1005.2 1008.4
2015  9  7 1012.0 1013.5 1014.1
2015  9  8 1017.2 1020.3 1022.9
2015  9  9 1026.1 1027.3 1028.2
2015  9 10 1030.7 1030.8 1031.7
2015  9 11 1034.3 1034.2 1033.0
2015  9 12 1030.6 1029.9 1028.2
2015  9 13 1025.5 1024.1 1023.0
2015  9 14 1019.5 1018.3 1015.6
2015  9 15 1006.5 1004.4 1007.8
2015  9 16 1007.0 1007.1 1006.5
2015  9 17 1000.5  997.4  998.2
2015  9 18  994.4  997.2 1003.1
2015  9 19 1008.4 1010.7 1011.6
2015  9 20 1013.5 1013.3 1012.8
2015  9 21 1010.5 1009.4 1008.9
2015  9 22 1008.8 1009.2 1009.2
2015  9 23 1009.1 1010.2 1012.3
2015  9 24 1012.9 1011.2 1013.2
2015  9 25 1012.8 1014.4 1015.4
2015  9 26 1016.6 1017.7 1020.7
2015  9 27 1024.7 1025.8 1028.6
2015  9 28 1033.6 1035.9 1038.5
2015  9 29 1040.7 1038.8 1035.2
2015  9 30 1031.0 1030.5 1028.6
2015 10  1 1022.4 1019.9 1017.2
2015 10  2 1011.0 1008.9 1010.5
2015 10  3 1017.9 1018.3 1016.1
2015 10  4 1012.3 1012.1 1013.1
2015 10  5 1018.9 1021.4 1024.0
2015 10  6 1026.6 1027.2 1027.9
2015 10  7 1029.6 1030.1 1029.3
2015 10  8 1029.4 1029.7 1029.4
2015 10  9 1030.3 1030.5 1030.7
2015 10 10 1030.5 1029.7 1029.5
2015 10 11 1030.8 1031.3 1031.1
2015 10 12 1032.0 1032.0 1031.5
2015 10 13 1030.6 1029.9 1029.1
2015 10 14 1029.6 1030.9 1031.3
2015 10 15 1032.6 1032.3 1031.0
2015 10 16 1028.5 1027.1 1025.7
2015 10 17 1024.0 1023.4 1022.4
2015 10 18 1020.4 1019.9 1020.4
2015 10 19 1022.1 1023.6 1023.8
2015 10 20 1022.2 1020.7 1019.4
2015 10 21 1014.9 1011.6 1008.5
2015 10 22 1001.5  998.2  994.8
2015 10 23  996.3 1004.7 1011.8
2015 10 24 1016.2 1014.5 1012.3
2015 10 25 1006.8 1006.4 1010.3
2015 10 26 1019.9 1021.8 1021.5
2015 10 27 1019.5 1023.4 1027.8
2015 10 28 1029.4 1028.3 1026.6
2015 10 29 1024.0 1024.5 1026.5
2015 10 30 1032.6 1035.4 1036.2
2015 10 31 1035.0 1033.8 1030.5
2015 11  1 1021.6 1019.9 1020.6
2015 11  2 1017.1 1017.1 1018.6
2015 11  3 1019.6 1018.2 1015.8
2015 11  4 1014.7 1016.6 1019.1
2015 11  5 1023.1 1023.0 1022.3
2015 11  6 1021.4 1021.8 1020.8
2015 11  7 1014.3 1009.7 1010.5
2015 11  8  997.4 1010.4 1016.4
2015 11  9 1005.4  999.2  996.7
2015 11 10  994.1  995.8  997.9
2015 11 11 1001.5 1005.7 1007.4
2015 11 12 1003.6 1002.6 1010.5
2015 11 13 1013.8 1008.0  999.9
2015 11 14  996.2  997.5  998.1
2015 11 15  995.7  996.1  999.7
2015 11 16 1007.5 1006.0  999.2
2015 11 17  997.2  997.0  995.2
2015 11 18  989.8  991.9  994.6
2015 11 19  989.3  989.1  991.0
2015 11 20  994.9  995.1  995.0
2015 11 21  995.0  996.3  997.6
2015 11 22 1003.0 1006.1 1010.0
2015 11 23 1012.0 1012.7 1013.2
2015 11 24 1009.8 1006.8 1004.7
2015 11 25 1000.3 1000.5 1000.5
2015 11 26 1004.6 1007.9 1008.2
2015 11 27 1001.5 1000.8  999.7
2015 11 28  995.4  992.9  994.0
2015 11 29  994.0  987.4  985.7
2015 11 30  975.5  982.4  986.7
2015 12  1  992.3  998.4 1005.1
2015 12  2 1013.2 1014.7 1013.2
2015 12  3 1011.7 1016.9 1019.6
2015 12  4 1007.1  992.5  995.5
2015 12  5 1002.2  995.2  992.4
2015 12  6  989.6  990.3  989.8
2015 12  7 1006.4 1017.8 1027.1
2015 12  8 1032.3 1029.8 1025.2
2015 12  9 1015.1 1013.8 1015.9
2015 12 10 1011.6 1008.8 1006.4
2015 12 11 1005.6 1003.4 1001.2
2015 12 12  999.2 1001.7 1004.8
2015 12 13 1007.1 1009.4 1013.2
2015 12 14 1019.0 1021.3 1022.9
2015 12 15 1023.1 1025.2 1026.4
2015 12 16 1025.8 1025.0 1023.7
2015 12 17 1014.5 1009.6 1006.7
2015 12 18 1002.2 1000.5 1000.3
2015 12 19 1003.1 1006.2 1007.3
2015 12 20 1003.7 1003.8 1000.2
2015 12 21 1000.1  999.2  997.8
2015 12 22  995.3 1001.0 1000.3
2015 12 23  997.5  997.9 1000.0
2015 12 24 1012.6 1013.9 1010.6
2015 12 25 1000.2 1001.1  999.6
2015 12 26 1008.7 1013.5 1018.6
2015 12 27 1023.2 1020.9 1019.2
2015 12 28 1031.1 1038.0 1041.1
2015 12 29 1043.6 1042.5 1042.1
2015 12 30 1039.1 1035.8 1032.5
2015 12 31 1028.4 1027.2 1026.5
2016  1  1 1028.1 1030.5 1034.3
2016  1  2 1038.2 1040.3 1040.0
2016  1  3 1033.0 1027.1 1020.5
2016  1  4 1012.6 1011.1 1010.6
2016  1  5 1007.5 1009.1 1010.3
2016  1  6 1013.2 1014.8 1015.5
2016  1  7 1014.9 1014.1 1012.4
2016  1  8 1008.4 1006.1 1005.6
2016  1  9 1008.3 1010.1 1011.4
2016  1 10 1009.1 1007.1 1004.0
2016  1 11  995.1  994.1  994.5
2016  1 12  994.3  995.1  996.3
2016  1 13  998.1  999.9 1002.3
2016  1 14 1007.3 1008.6 1009.7
2016  1 15 1011.3 1012.3 1013.6
2016  1 16 1016.7 1017.1 1017.0
2016  1 17 1016.1 1016.3 1015.0
2016  1 18 1010.2 1009.3 1008.2
2016  1 19 1008.2 1007.9 1007.7
2016  1 20 1008.8 1011.1 1013.8
2016  1 21 1018.5 1021.6 1024.5
2016  1 22 1027.9 1028.4 1028.0
2016  1 23 1024.6 1024.5 1023.9
2016  1 24 1019.7 1018.2 1017.3
2016  1 25 1015.8 1017.2 1015.5
2016  1 26 1002.2 1001.2 1003.5
2016  1 27  990.4  992.5  992.2
2016  1 28  982.1  987.1 1000.4
2016  1 29 1002.7  998.1  988.0
2016  1 30  990.5  985.7  985.2
2016  1 31  983.8  983.1  986.1
2016  2  1  996.9  998.6  989.9
2016  2  2  978.7  980.2  980.1
2016  2  3  981.6  991.1  995.6
2016  2  4  997.5  999.3 1001.9
2016  2  5 1007.2 1010.5 1013.1
2016  2  6 1008.1 1005.0 1002.6
2016  2  7 1000.4  998.0  994.8
2016  2  8  992.4  989.2  985.6
2016  2  9  980.6  980.1  983.3
2016  2 10  984.6  979.8  982.3
2016  2 11  990.1  993.0  995.8
2016  2 12  993.5  993.7  995.1
2016  2 13  997.9 1000.0  999.7
2016  2 14  998.2 1000.4 1003.0
2016  2 15 1010.1 1014.9 1020.4
2016  2 16 1028.2 1031.8 1033.4
2016  2 17 1031.2 1029.8 1028.5
2016  2 18 1015.7 1013.2 1014.8
2016  2 19 1015.9 1016.3 1015.5
2016  2 20 1008.9 1002.6  994.7
2016  2 21  990.6  991.0  990.1
2016  2 22  983.2  984.7  988.2
2016  2 23  991.4  994.4  996.6
2016  2 24  998.9  999.4  999.6
2016  2 25  998.3  998.4  998.5
2016  2 26  999.4 1000.2 1003.7
2016  2 27 1007.3 1009.5 1010.2
2016  2 28 1014.6 1016.8 1021.1
2016  2 29 1026.8 1028.1 1028.4
2016  3  1 1025.0 1020.7 1015.6
2016  3  2 1004.1 1002.0 1001.0
2016  3  3 1002.6 1005.7 1007.5
2016  3  4 1007.5 1006.5 1007.7
2016  3  5 1008.4 1009.3 1008.9
2016  3  6 1006.3 1004.4 1001.9
2016  3  7  997.4 1000.9 1005.1
2016  3  8 1009.2 1010.0 1011.3
2016  3  9 1013.9 1016.7 1019.6
2016  3 10 1026.4 1028.2 1029.6
2016  3 11 1031.2 1030.8 1030.9
2016  3 12 1032.5 1033.7 1034.7
2016  3 13 1035.3 1033.8 1032.4
2016  3 14 1030.4 1029.2 1030.1
2016  3 15 1031.3 1032.6 1032.7
2016  3 16 1031.5 1029.8 1027.6
2016  3 17 1023.0 1018.7 1014.5
2016  3 18 1013.5 1016.0 1016.7
2016  3 19 1011.6 1008.3 1007.5
2016  3 20 1006.7 1007.3 1004.6
2016  3 21 1002.0 1003.5 1004.9
2016  3 22 1007.1 1008.2 1007.2
2016  3 23 1004.9 1007.4 1009.5
2016  3 24 1010.6 1009.1 1007.8
2016  3 25 1004.3 1003.9 1004.3
2016  3 26 1010.3 1012.2 1011.8
2016  3 27 1009.6 1008.1 1006.4
2016  3 28 1008.9 1008.1 1005.4
2016  3 29  998.6  999.1 1000.3
2016  3 30 1002.3 1003.1 1003.2
2016  3 31 1004.0 1005.8 1006.6
2016  4  1 1009.2 1012.9 1015.4
2016  4  2 1019.4 1019.3 1017.3
2016  4  3 1016.6 1015.5 1015.3
2016  4  4 1015.1 1014.8 1013.8
2016  4  5 1009.2 1006.2 1004.1
2016  4  6  992.5  991.0  995.8
2016  4  7  997.7  997.0 1000.2
2016  4  8 1001.6 1002.8 1003.7
2016  4  9 1005.2 1007.8 1011.8
2016  4 10 1018.8 1020.9 1022.9
2016  4 11 1025.5 1024.4 1022.5
2016  4 12 1019.7 1017.3 1014.9
2016  4 13 1012.9 1010.9 1011.7
2016  4 14 1013.6 1012.5 1010.7
2016  4 15 1005.5 1003.9 1003.1
2016  4 16 1001.4 1000.0  999.6
2016  4 17  997.3  996.7  997.2
2016  4 18 1001.8 1002.1 1000.2
2016  4 19  998.0 1001.0 1006.9
2016  4 20 1014.8 1018.2 1020.1
2016  4 21 1015.3 1010.2 1006.5
2016  4 22 1007.4 1008.0 1008.2
2016  4 23 1007.7 1007.6 1007.7
2016  4 24 1008.1 1007.4 1006.1
2016  4 25 1003.3 1004.6 1006.2
2016  4 26 1008.9 1008.0 1006.9
2016  4 27 1003.9 1006.7 1010.7
2016  4 28 1012.7 1008.4 1006.3
2016  4 29 1016.0 1020.8 1024.4
2016  4 30 1027.4 1026.7 1026.5
2016  5  1 1026.9 1025.2 1025.4
2016  5  2 1025.4 1023.2 1020.6
2016  5  3 1018.5 1017.5 1017.4
2016  5  4 1021.0 1022.5 1023.2
2016  5  5 1026.2 1025.7 1024.5
2016  5  6 1024.9 1023.0 1021.8
2016  5  7 1023.3 1023.0 1023.2
2016  5  8 1025.8 1025.0 1024.5
2016  5  9 1025.2 1024.0 1022.7
2016  5 10 1020.3 1017.2 1014.4
2016  5 11 1021.1 1020.9 1019.6
2016  5 12 1016.7 1012.9 1009.2
2016  5 13 1004.5 1003.2 1002.7
2016  5 14  999.7 1001.3 1002.8
2016  5 15 1002.9 1003.9 1003.1
2016  5 16 1001.6 1004.3 1005.1
2016  5 17 1004.9 1006.2 1007.0
2016  5 18 1007.4 1006.9 1007.5
2016  5 19 1009.3 1010.2 1011.9
2016  5 20 1013.2 1012.0 1011.5
2016  5 21 1011.1 1012.5 1012.7
2016  5 22 1014.2 1014.0 1013.9
2016  5 23 1014.1 1014.2 1014.1
2016  5 24 1014.5 1014.5 1015.7
2016  5 25 1016.2 1016.6 1016.2
2016  5 26 1010.8 1010.8 1012.0
2016  5 27 1015.4 1017.0 1019.5
2016  5 28 1022.5 1023.1 1023.1
2016  5 29 1022.4 1022.3 1022.2
2016  5 30 1021.8 1021.9 1021.1
2016  5 31 1021.2 1021.8 1021.8
2016  6  1 1022.0 1021.6 1020.4
2016  6  2 1020.5 1019.9 1019.4
2016  6  3 1017.5 1014.5 1014.4
2016  6  4 1016.4 1017.1 1017.1
2016  6  5 1018.4 1020.6 1023.8
2016  6  6 1026.6 1025.0 1023.0
2016  6  7 1019.3 1017.6 1014.6
2016  6  8 1013.5 1014.6 1013.1
2016  6  9 1013.7 1011.9 1009.5
2016  6 10 1005.8 1006.8 1008.3
2016  6 11 1011.8 1012.7 1013.0
2016  6 12 1013.9 1012.7 1011.1
2016  6 13 1008.8 1006.8 1007.0
2016  6 14 1007.5 1007.4 1006.9
2016  6 15 1006.6 1006.5 1005.9
2016  6 16 1000.7  997.8  997.4
2016  6 17  999.4 1000.5  998.1
2016  6 18  993.7  999.0 1003.3
2016  6 19 1009.1 1012.4 1013.5
2016  6 20 1016.9 1016.2 1015.0
2016  6 21 1013.2 1013.1 1013.2
2016  6 22 1018.7 1020.4 1020.8
2016  6 23 1021.1 1021.2 1020.7
2016  6 24 1017.4 1016.1 1015.3
2016  6 25 1014.9 1014.6 1013.3
2016  6 26 1011.2 1010.1 1008.5
2016  6 27 1010.0 1010.2 1010.0
2016  6 28 1010.7 1010.8 1011.4
2016  6 29 1013.2 1012.1 1010.6
2016  6 30 1009.4 1009.7 1010.0
2016  7  1 1011.0 1010.3 1009.7
2016  7  2 1008.5 1005.1 1008.1
2016  7  3 1011.6 1011.8 1011.8
2016  7  4 1011.7 1010.7 1010.5
2016  7  5 1008.7 1007.4 1005.3
2016  7  6 1001.5 1001.8 1002.5
2016  7  7 1006.5 1007.0 1006.8
2016  7  8 1007.3 1006.8 1005.8
2016  7  9 1005.2 1004.6 1005.3
2016  7 10 1005.3 1005.1 1004.3
2016  7 11 1000.4  998.0  998.1
2016  7 12  999.6  999.6 1000.7
2016  7 13 1004.1 1005.2 1006.1
2016  7 14 1009.1 1009.4 1009.7
2016  7 15 1007.9 1008.7 1009.5
2016  7 16 1012.2 1011.7 1011.1
2016  7 17 1009.5 1009.0 1009.0
2016  7 18 1010.4 1010.3 1013.1
2016  7 19 1016.2 1016.8 1017.3
2016  7 20 1018.6 1018.4 1018.6
2016  7 21 1018.1 1017.0 1017.3
2016  7 22 1018.1 1018.3 1018.7
2016  7 23 1020.2 1019.3 1019.5
2016  7 24 1019.8 1019.0 1018.6
2016  7 25 1018.6 1017.6 1016.3
2016  7 26 1015.1 1013.2 1014.0
2016  7 27 1016.3 1015.5 1013.9
2016  7 28 1011.8 1011.3 1010.2
2016  7 29 1010.4 1008.8 1007.5
2016  7 30 1005.4 1003.6 1003.9
2016  7 31 1005.1 1005.8 1006.7
2016  8  1 1008.6 1006.9 1006.5
2016  8  2 1007.6 1007.5 1007.7
2016  8  3 1010.0 1008.6 1007.5
2016  8  4  999.3 1002.5 1004.6
2016  8  5 1008.7 1009.9 1010.8
2016  8  6 1011.0 1011.1 1012.0
2016  8  7 1013.3 1012.8 1011.3
2016  8  8 1006.4 1002.7 1001.5
2016  8  9 1001.8 1002.0 1003.6
2016  8 10 1006.6 1006.6 1005.7
2016  8 11 1008.6 1010.5 1012.2
2016  8 12 1014.7 1013.9 1012.0
2016  8 13 1003.9 1005.3 1005.7
2016  8 14 1007.6 1011.7 1013.8
2016  8 15 1015.8 1016.4 1016.0
2016  8 16 1015.3 1015.3 1015.0
2016  8 17 1010.5 1010.7 1011.5
2016  8 18 1010.7 1010.7 1010.7
2016  8 19 1008.4 1009.2 1010.9
2016  8 20 1013.0 1013.3 1014.3
2016  8 21 1012.8 1014.1 1015.1
2016  8 22 1016.6 1017.7 1018.3
2016  8 23 1019.6 1020.2 1021.4
2016  8 24 1024.3 1024.3 1023.3
2016  8 25 1020.9 1019.7 1018.3
2016  8 26 1015.5 1012.3 1008.1
2016  8 27 1010.3 1012.9 1015.8
2016  8 28 1020.7 1019.1 1016.2
2016  8 29 1006.4 1002.4 1001.9
2016  8 30 1012.5 1014.6 1014.6
2016  8 31 1016.9 1016.7 1015.0
2016  9  1 1012.1 1010.5 1010.2
2016  9  2 1009.4 1010.1 1010.9
2016  9  3 1007.6 1005.5 1004.4
2016  9  4 1005.2 1005.6 1008.7
2016  9  5 1014.2 1017.4 1020.8
2016  9  6 1022.6 1020.6 1017.7
2016  9  7 1014.2 1013.2    NaN
2016  9  8    NaN    NaN 1016.0
2016  9  9 1015.4 1015.5 1014.4
2016  9 10 1015.4 1015.1 1015.3
2016  9 11 1013.5 1011.6 1013.5
2016  9 12 1019.4 1020.2 1020.0
2016  9 13 1022.3 1021.8 1020.9
2016  9 14 1022.6 1021.9 1021.1
2016  9 15 1018.7 1018.7 1020.0
2016  9 16 1021.5 1021.1 1021.3
2016  9 17 1022.9 1022.7 1023.9
2016  9 18 1024.6 1023.5 1022.1
2016  9 19 1020.0 1019.2 1018.2
2016  9 20 1019.2 1020.7 1022.0
2016  9 21 1023.6 1023.5 1023.7
2016  9 22 1022.5 1022.0 1021.5
2016  9 23 1019.3 1017.5 1015.6
2016  9 24 1017.5 1019.4 1020.3
2016  9 25 1021.7 1022.1 1022.4
2016  9 26 1023.7 1024.1 1024.9
2016  9 27 1025.4 1024.2 1021.1
2016  9 28 1007.5 1001.3 1001.7
2016  9 29 1001.7  992.8  989.8
2016  9 30  991.2  996.8  998.9
2016 10  1 1002.8 1007.2 1009.7
2016 10  2 1012.8 1015.2 1018.6
2016 10  3 1027.1 1030.8 1034.6
2016 10  4 1041.3 1042.9 1044.2
2016 10  5 1042.9 1041.1 1039.8
2016 10  6 1036.5 1034.5 1032.9
2016 10  7 1030.4 1028.9 1029.0
2016 10  8 1029.0 1030.0 1029.3
2016 10  9 1029.6 1031.4 1031.9
2016 10 10 1032.1 1032.8 1033.4
2016 10 11 1033.3 1033.6 1033.8
2016 10 12 1033.7 1034.3 1034.2
2016 10 13 1034.0 1033.9 1033.5
2016 10 14 1032.3 1032.4 1032.1
2016 10 15 1031.7 1032.3 1032.7
2016 10 16 1034.6 1035.8 1035.9
2016 10 17 1033.6 1032.0 1030.1
2016 10 18 1025.3 1024.2 1022.7
2016 10 19 1021.5 1022.5 1023.3
2016 10 20 1025.7 1027.0 1027.5
2016 10 21 1026.6 1027.3 1027.9
2016 10 22 1026.6 1026.7 1026.6
2016 10 23 1024.8 1025.7 1026.9
2016 10 24 1028.5 1028.4 1027.7
2016 10 25 1023.2 1022.1 1022.6
2016 10 26 1023.9 1024.0 1022.2
2016 10 27 1016.6 1016.8 1014.6
2016 10 28 1003.8 1004.1 1006.9
2016 10 29 1010.2 1012.0 1012.4
2016 10 30 1019.5 1021.7 1023.3
2016 10 31 1022.8 1023.9 1023.8
2016 11  1 1014.6 1006.1  999.3
2016 11  2  998.7 1003.4 1006.9
2016 11  3 1011.6 1013.6 1015.2
2016 11  4 1015.7 1016.3 1016.8
2016 11  5 1016.5 1015.9 1014.7
2016 11  6 1011.6 1012.0 1011.8
2016 11  7 1011.9 1011.0 1011.0
2016 11  8 1010.2 1012.0 1013.2
2016 11  9 1010.7 1011.2 1011.2
2016 11 10 1013.5 1014.7 1016.4
2016 11 11 1019.1 1021.3 1022.3
2016 11 12 1021.6 1022.6 1023.3
2016 11 13 1024.7 1025.5 1025.7
2016 11 14 1025.4 1024.1 1021.2
2016 11 15 1013.0 1007.9 1004.9
2016 11 16 1008.5 1005.4 1000.2
2016 11 17  993.8  995.8  997.3
2016 11 18  993.0  990.3  989.5
2016 11 19  997.6 1003.3 1006.7
2016 11 20 1004.2 1008.6 1009.4
2016 11 21 1002.3 1008.8 1011.9
2016 11 22 1012.6 1012.6 1013.7
2016 11 23 1014.2 1014.2 1013.6
2016 11 24 1012.9 1016.9 1019.2
2016 11 25 1019.1 1015.1 1009.4
2016 11 26  998.2  996.1  994.0
2016 11 27 1001.3 1006.1 1012.8
2016 11 28 1023.1 1022.5 1019.1
2016 11 29 1021.1 1018.8 1012.3
2016 11 30 1004.6 1004.7 1005.6
2016 12  1 1003.7 1000.2  997.3
2016 12  2 1003.8 1009.6 1014.2
2016 12  3 1015.8 1018.8 1021.6
2016 12  4 1021.4 1017.8 1014.2
2016 12  5 1007.8 1009.0 1013.0
2016 12  6 1023.2 1027.7 1029.7
2016 12  7 1022.9 1017.2 1008.8
2016 12  8  998.2  996.9 1001.6
2016 12  9 1001.9 1003.4 1007.2
2016 12 10 1008.5 1009.5 1009.7
2016 12 11 1005.8 1007.0 1012.4
2016 12 12 1022.0 1022.4 1019.5
2016 12 13 1016.3 1013.1 1009.4
2016 12 14 1016.6 1021.7 1026.0
2016 12 15 1027.8 1027.6 1027.1
2016 12 16 1027.9 1028.6 1029.4
2016 12 17 1028.1 1025.7 1024.0
2016 12 18 1024.8 1027.3 1025.7
2016 12 19 1021.5 1022.3 1022.6
2016 12 20 1022.5 1024.2 1024.1
2016 12 21 1020.4 1014.8 1014.7
2016 12 22 1014.8 1015.9 1014.5
2016 12 23 1011.2 1013.8 1015.0
2016 12 24  996.1  996.3  995.4
2016 12 25  994.7  996.3  996.7
2016 12 26  991.7  993.1  988.1
2016 12 27  997.3 1009.6 1018.9
2016 12 28 1030.0 1034.0 1034.0
2016 12 29 1026.5 1024.4 1023.9
2016 12 30 1018.8 1015.4 1012.8
2016 12 31 1008.2 1004.9 1003.1
2017  1  1  999.0  999.8 1002.4
2017  1  2 1004.3 1005.3 1005.9
2017  1  3 1004.5  999.0  987.0
2017  1  4  991.3 1002.2 1012.3
2017  1  5 1026.8 1032.6 1036.7
2017  1  6 1038.3 1035.8 1031.8
2017  1  7 1018.3 1018.9 1022.4
2017  1  8 1025.0 1023.0 1019.6
2017  1  9 1017.5 1014.5 1012.1
2017  1 10 1010.6 1010.1 1009.0
2017  1 11  999.1  990.1  980.8
2017  1 12  976.8  979.4  980.0
2017  1 13  983.4  986.4  988.8
2017  1 14  991.7  995.8  999.8
2017  1 15 1007.0 1011.2 1014.7
2017  1 16 1020.1 1024.0 1027.5
2017  1 17 1031.2 1031.2 1029.1
2017  1 18 1027.4 1025.2 1022.8
2017  1 19 1021.7 1019.1 1020.5
2017  1 20 1020.0 1018.1 1020.1
2017  1 21 1024.6 1026.5 1026.4
2017  1 22 1023.2 1021.9 1019.3
2017  1 23 1013.2 1012.4 1012.8
2017  1 24 1018.4 1022.5 1024.3
2017  1 25 1025.2 1025.1 1023.0
2017  1 26 1021.1 1022.1 1023.1
2017  1 27 1023.7 1023.5 1022.6
2017  1 28 1021.8 1022.1 1021.9
2017  1 29 1017.1 1013.6 1013.5
2017  1 30 1013.5 1015.7 1018.5
2017  1 31 1022.3 1023.5 1023.8
2017  2  1 1022.7 1022.4 1021.7
2017  2  2 1018.4 1016.0 1014.5
2017  2  3 1011.5 1011.4 1011.5
2017  2  4 1011.7 1011.9 1012.8
2017  2  5 1015.0 1017.5 1021.4
2017  2  6 1029.7 1034.0 1036.1
2017  2  7 1039.4 1041.0 1042.3
2017  2  8 1044.6 1045.7 1045.3
2017  2  9 1043.3 1042.7 1042.8
2017  2 10 1043.1 1044.1 1043.8
2017  2 11 1043.2 1043.1 1042.3
2017  2 12 1042.0 1041.4 1039.5
2017  2 13 1033.4 1032.6 1031.5
2017  2 14 1031.8 1032.8 1033.2
2017  2 15 1032.9 1031.0 1027.4
2017  2 16 1020.2 1016.3 1012.1
2017  2 17 1009.7 1011.3 1014.0
2017  2 18 1016.1 1013.9 1009.9
2017  2 19 1000.3 1000.3  998.9
2017  2 20  991.4  987.3  985.5
2017  2 21  987.6  993.3  999.0
2017  2 22  986.3  970.5  970.3
2017  2 23  977.7  983.7  985.5
2017  2 24  989.0  992.7  995.5
2017  2 25 1004.3 1006.9 1004.8
2017  2 26  993.3  995.6  999.3
2017  2 27 1001.4  998.6  997.2
2017  2 28  989.3  986.3  986.6
2017  3  1  989.1  987.6  988.5
2017  3  2  991.7  994.0  996.3
2017  3  3  996.0  997.9 1000.7
2017  3  4 1005.1 1007.6 1010.3
2017  3  5 1013.0 1013.8 1014.2
2017  3  6 1017.3 1018.5 1018.9
2017  3  7 1015.4 1013.1 1012.7
2017  3  8 1010.7 1013.4 1014.7
2017  3  9 1010.8 1010.1 1009.8
2017  3 10 1011.2 1013.8 1018.2
2017  3 11 1022.8 1024.8 1025.7
2017  3 12 1024.8 1024.3 1024.0
2017  3 13 1024.0 1023.0 1021.4
2017  3 14 1017.9 1013.4 1005.2
2017  3 15 1002.1 1005.1 1005.6
2017  3 16 1012.5 1013.3 1007.8
2017  3 17  991.2  989.8  989.1
2017  3 18  988.7  989.6  994.5
2017  3 19 1004.4 1004.4 1003.5
2017  3 20 1001.1 1000.1  999.3
2017  3 21  988.6  990.8  993.6
2017  3 22  999.7 1003.8 1008.7
2017  3 23 1018.6 1019.8 1020.9
2017  3 24 1025.3 1024.8 1021.5
2017  3 25 1017.8 1019.4 1021.0
2017  3 26 1018.2 1014.6 1015.1
2017  3 27 1017.4 1010.8 1011.3
2017  3 28 1019.0 1018.3 1017.8
2017  3 29 1015.2 1014.9 1017.9
2017  3 30 1023.6 1021.1 1016.0
2017  3 31 1012.8 1016.6 1016.1
2017  4  1 1007.6 1005.5 1005.4
2017  4  2 1008.8 1010.9 1014.1
2017  4  3 1024.1 1026.0 1025.7
2017  4  4 1023.3 1020.1 1016.7
2017  4  5 1007.4 1003.0 1003.6
2017  4  6 1011.6 1010.5 1008.8
2017  4  7 1006.8 1008.6 1013.3
2017  4  8 1016.9 1014.9 1013.7
2017  4  9 1012.9 1011.6 1010.5
2017  4 10 1000.9  993.9  996.9
2017  4 11 1000.4 1003.7 1006.4
2017  4 12 1000.9  996.9  996.0
2017  4 13 1000.7 1003.9 1005.4
2017  4 14 1005.6 1007.2 1010.0
2017  4 15 1010.9 1009.5 1008.4
2017  4 16 1012.2 1014.6 1016.2
2017  4 17 1019.2 1020.3 1022.9
2017  4 18 1028.5 1031.4 1032.6
2017  4 19 1033.2 1032.0 1030.1
2017  4 20 1025.6 1020.6 1014.3
2017  4 21 1004.8  999.9  997.3
2017  4 22  996.7 1000.5 1004.0
2017  4 23 1006.7 1006.1 1006.9
2017  4 24 1006.1 1002.1  995.5
2017  4 25  992.6  993.5  993.8
2017  4 26  999.4 1004.6 1006.4
2017  4 27 1007.0 1008.8 1011.1
2017  4 28 1017.4 1020.1 1021.6
2017  4 29 1019.5 1018.3 1017.9
2017  4 30 1019.2 1019.9 1020.5
2017  5  1 1026.4 1026.7 1026.6
2017  5  2 1028.8 1029.1 1029.8
2017  5  3 1033.5 1033.2 1034.4
2017  5  4 1035.8 1034.9 1033.1
2017  5  5 1029.7 1025.1 1020.0
2017  5  6 1017.4 1017.9 1016.5
2017  5  7 1015.4 1014.6 1013.7
2017  5  8 1015.7 1019.5 1019.4
2017  5  9 1016.6 1014.9 1012.6
2017  5 10 1010.8 1009.7 1009.8
2017  5 11 1010.3 1011.1 1011.8
2017  5 12 1015.5 1016.9 1017.2
2017  5 13 1019.2 1018.8 1019.2
2017  5 14 1019.9 1020.2 1019.6
2017  5 15 1022.6 1026.5 1028.8
2017  5 16 1032.2 1031.8 1029.5
2017  5 17 1023.1 1020.1 1018.8
2017  5 18 1017.1 1015.3 1012.5
2017  5 19 1011.8 1011.5 1012.4
2017  5 20 1017.0 1018.3 1019.3
2017  5 21 1019.8 1018.7 1016.6
2017  5 22 1015.4 1014.1 1012.3
2017  5 23 1011.9 1012.0 1012.2
2017  5 24 1012.7 1012.0 1011.7
2017  5 25 1013.0 1013.2 1012.8
2017  5 26 1017.2 1019.2 1019.7
2017  5 27 1017.8 1016.7 1015.2
2017  5 28 1013.7 1009.1 1005.6
2017  5 29 1007.9 1012.3 1012.7
2017  5 30 1011.3 1008.1 1002.4
2017  5 31  999.2 1002.2 1004.7
2017  6  1 1009.7 1009.7 1011.0
2017  6  2 1015.8 1017.9 1018.6
2017  6  3 1017.6 1015.9 1014.2
2017  6  4 1011.6 1009.5 1007.1
2017  6  5 1003.1 1003.9 1006.0
2017  6  6 1010.9 1012.0 1012.6
2017  6  7 1008.2 1005.2 1008.9
2017  6  8 1010.1 1010.5 1010.3
2017  6  9 1013.9 1015.1 1015.3
2017  6 10 1015.2 1014.7 1014.6
2017  6 11 1014.0 1011.4 1007.7
2017  6 12  995.8  994.3  992.5
2017  6 13  994.0  999.0 1004.2
2017  6 14 1009.5 1010.3 1010.7
2017  6 15 1012.7 1013.1 1011.8
2017  6 16 1008.0 1007.2 1008.0
2017  6 17 1012.1 1013.6 1014.1
2017  6 18 1012.7 1011.8 1010.7
2017  6 19 1012.6 1013.2 1010.6
2017  6 20 1003.4 1005.6 1006.6
2017  6 21 1008.6 1009.9 1009.5
2017  6 22 1009.1 1007.7 1006.6
2017  6 23 1007.1 1007.5 1006.3
2017  6 24  999.5  996.5  995.0
2017  6 25  995.5  994.3  993.5
2017  6 26  991.4  994.0  996.3
2017  6 27 1003.0 1006.2 1008.5
2017  6 28 1011.9 1011.9 1012.2
2017  6 29 1010.4 1009.1 1007.2
2017  6 30 1001.9 1002.3 1003.3
2017  7  1 1002.2 1003.1 1003.2
2017  7  2 1001.9 1001.0 1000.9
2017  7  3 1000.8 1001.3 1003.4
2017  7  4 1005.7 1008.9 1010.0
2017  7  5 1012.8 1012.7 1013.5
2017  7  6 1016.3 1016.3 1015.3
2017  7  7 1014.4 1012.8 1011.8
2017  7  8 1009.6 1008.5 1008.0
2017  7  9 1008.4 1009.4 1009.1
2017  7 10 1010.9 1010.1 1009.3
2017  7 11 1005.6 1003.3 1002.7
2017  7 12 1001.2 1000.4 1001.0
2017  7 13 1006.1 1007.3 1009.0
2017  7 14 1010.8 1010.5 1011.3
2017  7 15 1014.7 1016.4 1017.0
2017  7 16 1016.8 1013.6 1009.9
2017  7 17 1005.8 1007.1 1008.1
2017  7 18 1011.3 1012.5 1013.7
2017  7 19 1017.4 1017.0 1016.7
2017  7 20 1015.2 1014.2 1014.4
2017  7 21 1017.1 1017.9 1018.4
2017  7 22 1020.0 1019.5 1020.3
2017  7 23 1020.2 1018.7 1017.2
2017  7 24 1014.8 1013.3 1013.3
2017  7 25 1011.6 1010.6 1010.0
2017  7 26 1007.4 1006.7 1006.0
2017  7 27 1004.7 1004.0 1003.1
2017  7 28 1001.5 1002.2 1004.2
2017  7 29 1006.9 1006.7 1006.8
2017  7 30 1007.0 1007.1 1006.5
2017  7 31 1006.5 1008.1 1009.6
2017  8  1 1014.4 1014.0 1013.4
2017  8  2 1009.6 1009.0 1009.2
2017  8  3 1010.8 1008.5 1004.2
2017  8  4  997.4  996.8  995.5
2017  8  5  996.9  998.5 1001.1
2017  8  6 1004.5 1006.3 1007.3
2017  8  7 1013.1 1014.9 1015.9
2017  8  8 1019.0 1019.9 1020.4
2017  8  9 1019.0 1017.2 1013.6
2017  8 10 1013.6 1013.7 1014.1
2017  8 11 1014.8 1012.9 1010.6
2017  8 12 1006.1 1004.9 1001.9
2017  8 13 1003.6 1005.9 1012.6
2017  8 14 1018.9 1020.8 1021.8
2017  8 15 1024.1 1022.6 1021.1
2017  8 16 1016.7 1016.3 1017.4
2017  8 17 1019.0 1017.3 1016.0
2017  8 18 1012.1 1010.1 1009.8
2017  8 19 1002.4 1003.4 1007.0
2017  8 20 1011.1 1011.2 1011.0
2017  8 21 1011.8 1012.0 1012.8
2017  8 22 1015.4 1016.3 1016.9
2017  8 23 1016.5 1016.6 1015.1
2017  8 24 1012.0 1009.8 1008.3
2017  8 25 1007.2 1008.5 1009.7
2017  8 26 1013.2 1013.3 1013.4
2017  8 27 1013.8 1014.2 1016.0
2017  8 28 1018.5 1017.6 1016.3
2017  8 29 1013.8 1011.6 1009.6
2017  8 30 1007.0 1008.5 1009.4
2017  8 31 1006.3 1003.7 1003.7
2017  9  1 1012.7 1015.8 1016.8
2017  9  2 1018.7 1019.1 1019.5
2017  9  3 1018.2 1017.6 1017.2
2017  9  4 1014.7 1016.7 1018.2
2017  9  5 1019.9 1020.5 1020.7
2017  9  6 1017.2 1014.9 1013.2
2017  9  7 1009.1 1007.4 1006.8
2017  9  8 1003.4 1002.1 1000.3
2017  9  9  995.7  997.4  996.5
2017  9 10  996.3  998.5  999.3
2017  9 11 1000.3  999.5  998.7
2017  9 12  995.2  996.7  997.4
2017  9 13  995.9  993.6  989.8
2017  9 14  982.7  986.1  989.0
2017  9 15  994.7  998.6 1001.3
2017  9 16 1004.8 1009.2 1012.4
2017  9 17 1016.1 1016.0 1015.6
2017  9 18 1011.5 1008.6 1007.2
2017  9 19 1007.4 1010.2 1013.2
2017  9 20 1016.7 1017.6 1018.8
2017  9 21 1020.7 1023.2 1024.8
2017  9 22 1022.9 1023.5 1023.6
2017  9 23 1025.2 1026.8 1027.8
2017  9 24 1029.6 1032.0 1033.9
2017  9 25 1035.4 1036.2 1036.4
2017  9 26 1037.1 1037.8 1038.3
2017  9 27 1039.5 1040.1 1040.0
2017  9 28 1039.7 1039.5 1038.5
2017  9 29 1036.3 1035.3 1033.9
2017  9 30 1031.1 1029.6 1028.8
2017 10  1 1027.6 1026.4 1024.2
2017 10  2 1014.0 1007.4 1001.0
2017 10  3  997.4  997.4  996.2
2017 10  4  995.2  994.0  989.9
2017 10  5  988.3  988.9  990.3
2017 10  6  995.0  999.2 1001.9
2017 10  7 1001.5  999.0  996.5
2017 10  8  998.0  998.1  999.7
2017 10  9 1004.2 1005.9 1005.5
2017 10 10 1002.7 1001.9 1001.4
2017 10 11 1001.6 1004.0 1005.0
2017 10 12  995.6  991.0  991.0
2017 10 13 1009.9 1015.3 1016.2
2017 10 14 1007.2 1007.2 1009.5
2017 10 15 1014.1 1017.2 1015.6
2017 10 16 1006.8 1010.3 1014.0
2017 10 17 1011.6 1005.2 1003.7
2017 10 18 1008.0 1011.7 1014.7
2017 10 19 1019.2 1020.7 1021.8
2017 10 20 1021.6 1022.0 1022.5
2017 10 21 1022.1 1022.4 1022.4
2017 10 22 1019.1 1018.2 1018.3
2017 10 23 1021.5 1024.1 1026.9
2017 10 24 1028.0 1027.6 1024.2
2017 10 25 1011.9 1003.4  999.3
2017 10 26 1005.5 1007.3 1007.9
2017 10 27 1009.7 1011.5 1008.6
2017 10 28  988.6  984.9  983.7
2017 10 29  982.3  987.2  994.1
2017 10 30 1004.0 1008.1 1011.0
2017 10 31 1010.8 1011.0 1009.2
2017 11  1 1003.7 1002.1  998.7
2017 11  2  993.8  997.3 1004.8
2017 11  3 1008.9 1007.4 1005.3
2017 11  4 1003.3 1003.8 1004.8
2017 11  5 1001.8 1001.2 1002.2
2017 11  6 1007.4 1012.8 1018.4
2017 11  7 1024.6 1025.8 1026.2
2017 11  8 1026.3 1026.1 1024.8
2017 11  9 1015.8 1008.8 1002.4
2017 11 10  999.1  997.2  993.8
2017 11 11  982.0  982.1  983.3
2017 11 12  988.0  991.1  994.7
2017 11 13 1004.6 1007.8 1009.7
2017 11 14 1010.2 1009.6 1008.6
2017 11 15 1009.9 1008.9 1013.0
2017 11 16 1018.1 1017.8 1013.0
2017 11 17 1004.5 1006.9 1005.4
2017 11 18  998.1  994.6  993.6
2017 11 19  995.6  998.9 1000.8
2017 11 20 1004.4 1006.9 1008.6
2017 11 21 1009.4 1010.7 1011.9
2017 11 22 1011.7 1009.6 1006.3
2017 11 23  996.9  996.0  994.7
2017 11 24  999.3 1002.9 1004.0
2017 11 25 1005.9 1007.0 1006.4
2017 11 26 1004.1 1005.2 1004.5
2017 11 27 1001.6 1002.9 1004.4
2017 11 28  999.9  998.0  999.3
2017 11 29  999.1  999.6 1001.0
2017 11 30 1003.4 1006.6 1010.0
2017 12  1 1010.9 1009.6 1011.1
2017 12  2 1013.9 1013.4 1011.5
2017 12  3 1003.6 1001.9 1004.3
2017 12  4 1008.2 1011.5 1013.2
2017 12  5 1010.6 1004.7 1005.7
2017 12  6 1007.9 1008.4 1008.1
2017 12  7  999.3  994.7  989.6
2017 12  8  983.2  983.0  983.3
2017 12  9  985.2  986.6  988.3
2017 12 10  989.7  989.8  990.0
2017 12 11  993.0  993.9  995.5
2017 12 12  987.5  984.5  990.2
2017 12 13  997.5  995.6  994.3
2017 12 14  986.3  983.9  981.6
2017 12 15  981.0  983.5  987.8
2017 12 16  994.6  998.0 1002.6
2017 12 17 1011.0 1012.9 1014.9
2017 12 18 1017.9 1019.3 1020.2
2017 12 19 1024.3 1026.7 1027.3
2017 12 20 1024.9 1022.3 1018.8
2017 12 21 1018.3 1016.9 1017.0
2017 12 22 1015.4 1015.5 1017.4
2017 12 23 1002.6  994.6  992.7
2017 12 24  999.1  998.6  998.1
2017 12 25 1000.7  995.9  991.0
2017 12 26  993.9  990.0  984.7
2017 12 27  986.9  989.9  991.3
2017 12 28  989.4  989.4  990.2
2017 12 29  992.3  995.0  996.3
2017 12 30 1000.2 1001.7  999.9
2017 12 31  997.9  999.1  996.6
